0.041073 70
1.219854 1
0.243395 1
0.510194 1
0.076504 1
0.178669 1
1.611451 1
0.291037 1
0.252285 1
0.366419 4
0.193935 1
0.989108 1
0.281878 1
0.635717 1
0.288824 1
0.118555 1
0.277777 1
2.552563 11
0.007191 70
0.935257 1
0.095793 1
0.434015 1
0.228595 1
0.394901 1
0.115569 1
0.621200 1
0.809278 1
0.784349 1
1.316799 1
0.720096 1
0.332012 1
0.783985 6
1.272099 1
0.171512 1
0.518764 1
0.335326 1
0.335528 1
0.411133 1
0.358872 1
1.894561 11
0.013684 8
0.000105 62
1.365107 1
0.142069 1
0.521731 1
0.325465 1
1.933159 1
0.908105 1
0.632526 1
0.346073 1
0.144929 1
0.472974 1
1.565737 1
1.010649 1
0.368521 1
0.587494 1
0.304569 1
0.115916 1
0.260356 1
0.127505 1
0.995245 1
2.134301 1
1.262179 1
0.309340 1
0.655542 1
0.439472 7
2.033121 1
1.314552 2
0.001279 9
0.013164 167
0.000385 8
0.000037 62
21.994877 1
0.137822 1
0.696595 1
1.092258 1
0.250755 1
1.745644 1
1.563322 1
0.130042 1
0.171632 1
0.180900 1
1.666701 1
1.319498 1
0.101567 1
0.313431 1
0.333084 1
0.184629 1
0.376310 1
0.150792 1
1.857768 1
1.647387 1
2.091887 1
0.950506 1
0.868176 1
5.247694 1
0.118887 1
0.151846 1
0.235707 1
5.151431 1
1.399980 4
0.160888 4
0.277627 4
0.231917 1
0.618222 1
0.632050 1
0.300549 1
0.874989 1
0.125292 1
0.262940 1
0.108286 1
0.106234 1
1.439359 1
0.713197 1
0.513846 1
0.139641 1
0.236719 1
0.107350 1
0.293084 1
0.120842 1
0.185692 1
0.172954 1
2.689940 1
0.508340 1
0.705547 11
0.015556 7
0.000055 1
0.000017 8
0.000019 1
0.000111 1
0.000038 2
0.001579 274
0.001662 70
25.036883 1
0.166624 1
0.189070 1
0.480549 1
0.485106 1
1.920030 1
1.177555 24
0.001614 110
1.378668 177
1.074289 324
0.756400 102
0.000021 53
0.000006 3
3.786775 1
1.370105 1
0.880311 1
1.338618 1
1.103181 1
0.751478 1
0.534035 7
1.965844 1
0.209085 1
0.438325 1
0.149311 1
0.216593 1
0.076334 1
0.875090 1
0.329026 1
0.078819 1
0.119318 1
3.408987 19
0.000064 62
1.180835 1
0.079546 1
0.614831 1
0.420834 1
0.648432 1
0.440050 1
0.388633 7
1.064911 1
0.332895 10
2.355134 11
0.003861 96
0.001700 70
6.351171 1
0.083109 1
0.762616 1
1.298243 1
0.612267 1
0.986274 1
0.805332 1
0.311396 1
0.098938 1
0.235863 1
0.154847 1
1.383905 1
1.129877 1
0.209393 1
2.238997 1
1.006966 1
0.638580 4
0.335352 1
0.799571 1
0.380931 1
0.146287 1
0.532972 4
0.131949 1
0.353173 7
0.625746 1
0.143679 10
1.633257 11
0.003257 26
0.000014 70
0.687598 37
0.789140 120
0.449311 133
0.294024 1
0.502668 1
0.029186 1
0.028025 1
0.030283 1
0.030094 1
0.030373 1
0.030874 1
0.029391 1
0.029840 1
0.030332 1
0.029247 1
0.031246 1
0.028381 1
0.030546 1
0.030135 1
0.030766 1
0.028579 1
0.031151 1
0.029535 1
0.030047 1
0.312226 1
0.172639 1
0.872524 5
0.332259 5
0.727433 11
0.006967 20
0.002548 70
5.585071 67
0.096507 67
0.072371 67
0.096660 67
0.055834 67
0.161824 67
0.123217 67
0.443027 67
0.049867 67
53.918132 1
0.058932 1
0.468730 1
0.856662 1
0.790354 1
0.550759 1
0.649718 1
0.453468 1
0.264202 1
0.616552 1
0.471087 1
0.914341 1
0.816629 1
0.563959 1
0.232663 1
0.153943 1
0.220248 1
0.084962 1
0.965980 1
1.042647 1
0.160864 1
0.643621 1
0.594448 1
0.154462 1
0.330424 1
0.094485 1
1.762574 1
1.061014 1
1.060420 1
0.971565 1
1.613760 1
0.813965 1
1.079319 1
1.236431 1
2.307801 1
0.499823 1
0.030802 1
0.028591 1
0.031757 1
0.029714 1
0.029340 1
0.031949 1
0.030046 1
0.028981 1
0.029315 1
0.028846 1
0.031513 1
0.030190 1
0.030792 1
0.029836 1
0.028424 1
0.029816 1
0.031113 1
0.030523 1
0.028914 1
0.030026 1
0.030941 1
0.028855 1
0.389408 3
0.478395 5
0.382318 3
0.500981 3
0.028456 3
0.031431 3
0.030415 3
0.029599 3
0.029864 3
0.030643 3
0.029150 3
0.029885 3
0.030980 3
0.029474 3
0.028800 3
0.030078 3
0.029805 3
0.031011 3
0.032323 3
0.028717 3
0.029169 3
0.029412 3
0.030197 3
0.030278 3
0.029648 3
0.030814 1
0.029053 1
0.030153 1
0.031549 1
0.032181 1
0.552415 2
0.000135 9
2.445746 1
0.355828 1
0.244815 1
0.133759 1
0.490960 1
0.854900 1
0.194380 1
0.264096 1
0.119482 1
0.157981 1
0.964214 1
0.161703 1
0.303763 1
0.204154 1
0.277262 1
0.231919 1
0.298038 1
0.133551 1
0.770120 1
0.850170 1
0.879085 1
0.368691 1
3.833196 2
1.921327 1
0.718178 3
0.736264 1
0.300895 1
0.229430 1
0.080793 1
0.702295 1
0.771596 1
0.179258 1
0.361192 1
0.059634 1
0.775349 1
0.586062 1
0.124320 1
0.301774 1
0.279028 1
0.300581 1
0.166205 1
0.282698 1
0.291234 1
1.643686 1
0.413155 1
0.156479 1
0.147088 1
1.043795 2
0.000020 24
2.533332 2
0.000014 72
22.262325 1
0.092461 1
0.238174 1
0.317460 1
0.887315 1
0.594247 1
1.305634 43
0.000014 273
3.873357 120
0.000690 2
0.000032 219
2.042300 1
1.676263 1
0.533387 1
1.091655 1
0.760809 1
0.142115 1
1.419965 1
0.508990 6
0.793430 1
0.264493 1
0.186027 1
0.242160 1
0.557824 1
0.420019 1
0.256623 1
0.236481 1
0.196814 1
0.081567 1
0.213579 1
0.132466 1
0.964812 1
0.647640 1
0.187238 1
0.092839 1
0.145623 1
0.867945 11
0.000011 8
0.000025 62
1.187357 1
0.106053 1
0.673591 1
0.700481 1
0.588283 1
0.666077 1
0.292019 1
0.139666 1
0.236438 1
0.131173 1
0.840515 4
0.171882 4
0.244921 4
0.264335 4
0.256780 4
0.632716 1
0.557897 1
0.257283 1
0.154706 1
0.251779 1
0.088357 1
6.150758 1
0.336063 1
1.373705 1
1.778513 1
0.327099 1
1.797946 1
1.344732 1
0.700994 1
0.808728 1
0.499996 1
0.029485 1
0.034363 1
0.026868 1
0.029243 1
0.030188 1
0.030031 1
0.029242 1
0.282197 3
0.297323 17
1.536301 3
0.183016 3
0.501697 3
0.028519 3
0.030371 3
0.029834 3
0.032247 3
0.028326 3
1.721934 1
1.883314 1
1.494762 1
0.401269 1
0.357970 1
0.441812 7
1.851299 1
0.142748 1
1.655470 1
0.715302 1
0.165788 1
0.223931 14
2.815321 11
0.018156 271
22.303894 50
1.756807 1
0.500185 1
0.029979 1
0.030324 1
0.028366 1
0.029599 1
0.032867 1
0.030496 1
0.028511 1
0.029398 1
0.029640 1
0.029440 1
0.030216 1
0.031209 1
0.028519 1
0.029653 1
0.031210 1
0.028860 1
0.030829 1
0.030779 1
0.030027 1
0.029521 1
0.028574 1
0.031682 1
0.029101 1
0.031067 1
0.028522 1
0.031598 1
0.031521 1
0.028596 1
0.029458 1
0.282708 3
0.481807 5
0.145981 5
0.141093 5
0.115955 5
0.130021 5
0.149938 5
0.286975 5
0.555273 5
1.542713 1
0.504303 1
0.025751 1
0.032293 1
0.028371 1
0.030759 1
0.029213 1
0.029512 1
0.032584 1
2.063702 5
0.887143 5
0.466090 5
2.136193 5
0.740962 11
0.003042 26
0.000024 2
0.000455 8
0.000030 62
23.300057 48
0.466520 1
0.500400 1
0.031423 1
0.028771 1
0.029226 1
0.030144 1
0.030886 1
0.029210 1
0.030010 1
0.030218 1
0.030172 1
0.028628 1
0.031553 1
0.028874 1
0.029895 1
0.030662 1
0.030868 1
0.029609 1
0.029845 1
0.028690 1
0.031859 1
0.028748 1
0.030186 1
0.030305 1
0.028649 1
0.031206 1
0.030804 1
0.029359 1
0.254626 1
1.373153 5
0.501875 5
0.029213 5
0.029057 5
0.031082 5
0.029868 5
0.030479 5
0.029002 5
0.031681 5
0.028993 5
0.030657 5
0.029843 5
0.030018 5
0.335378 5
1.634610 5
2.041893 5
1.738746 5
0.847613 5
0.154093 5
0.196834 5
1.119151 5
0.429005 11
0.004210 72
0.000979 8
0.000801 62
15.453177 41
8.113624 1
0.500192 1
0.032367 1
0.030804 1
0.031810 1
0.024338 1
0.030204 1
0.029869 1
0.029873 1
0.030053 1
0.030039 1
0.030687 1
0.030334 1
0.029696 1
0.029229 1
0.031977 1
0.028570 1
0.030202 1
0.029368 1
0.030753 1
0.029241 1
0.029764 1
0.029623 1
0.031038 1
0.029950 1
0.030011 1
0.030852 1
0.030560 1
1.752767 1
0.193552 1
0.134349 1
0.131193 1
0.152448 1
1.261961 5
0.085363 5
0.330757 3
0.278889 3
0.186740 3
0.339258 5
0.164906 5
1.060921 1
0.206514 1
0.147456 1
1.008172 1
0.429656 1
0.245754 1
2.379548 5
0.157175 5
0.809933 1
0.191871 1
1.611944 5
4.582959 13
0.534671 5
2.750125 5
0.141911 5
1.552213 5
0.360092 5
1.374892 5
11.353789 1
0.187865 1
1.084239 18
1.155601 11
0.349065 1
0.624726 5
5.696828 3
0.499872 3
0.030786 3
0.029119 3
0.034415 3
0.024937 3
0.029867 3
0.032004 3
0.029380 3
0.030088 3
0.030136 3
0.030608 3
0.027715 3
0.030782 3
0.029448 3
0.030794 3
0.029431 3
0.029835 3
0.030096 3
0.030053 3
0.029885 3
0.029610 3
0.031190 3
0.029021 3
0.030466 3
0.030290 3
0.028889 3
0.031124 3
0.029002 3
0.030189 3
0.030825 3
0.030187 3
0.032156 3
0.027253 3
0.030160 3
0.029690 3
0.030415 3
0.029594 3
0.029520 3
0.029623 3
0.032180 1
0.028437 1
0.030140 1
4.083282 2
0.004795 9
0.005185 32
0.000232 216
0.000196 8
0.000039 62
12.393404 55
0.310522 1
0.501113 1
0.030618 1
0.029006 1
0.030207 1
0.030086 1
0.030471 1
0.029832 1
0.029178 1
0.030659 1
0.029276 1
0.029765 1
0.029989 1
0.030148 1
0.029840 1
0.030134 1
0.029818 1
0.031232 1
0.029024 1
0.031005 1
0.030144 1
0.030446 1
0.028474 1
0.030938 1
0.029788 1
0.029633 1
0.029499 1
0.029737 1
0.030329 1
0.031205 1
0.030795 1
0.028464 1
0.029958 1
0.030897 1
0.028439 1
0.370462 1
0.814085 5
0.150468 5
0.703506 5
0.128333 5
0.812182 5
0.139669 5
1.002296 5
0.129771 5
0.507419 11
0.000018 34
0.000016 2
0.000286 8
0.000020 62
26.337378 1
0.109231 1
0.244226 1
2.620399 4
0.633105 1
1.837956 1
0.188243 1
0.728315 1
0.557867 1
0.334323 1
0.130857 1
0.207591 1
0.074098 1
2.033131 1
2.122161 1
0.608078 1
1.672447 1
1.054284 1
0.561417 1
0.290431 1
0.315925 1
0.265032 1
0.268757 1
0.119262 1
1.866551 1
2.917599 1
3.723681 1
1.021592 1
1.266773 1
0.669206 1
1.310034 1
0.552982 1
0.117330 1
0.598144 7
1.627830 1
0.225450 1
0.216317 16
1.614914 11
0.005323 48
0.000149 55
0.000006 16
0.000114 8
0.000033 62
3.568996 56
0.595792 1
0.501544 1
0.029877 1
0.029109 1
0.032510 1
0.029600 1
0.028195 1
0.029848 1
0.030421 1
0.028589 1
0.029563 1
0.030931 1
0.030045 1
0.030389 1
0.029490 1
0.030965 1
0.029571 1
0.029095 1
0.030991 1
0.029756 1
0.028894 1
0.032346 1
0.029442 1
0.028643 1
0.029778 1
0.029901 1
0.029996 1
0.031175 1
0.030719 1
0.700733 1
1.995710 5
0.501835 5
0.030127 5
0.028607 5
0.030434 5
0.031873 5
0.027184 5
0.032148 5
0.029438 5
0.028717 5
0.028776 5
0.228967 5
0.136867 5
0.110104 5
0.148504 5
0.658128 1
0.657152 1
1.385702 1
0.264559 1
0.184807 1
0.177616 1
1.532961 5
1.049781 5
0.280687 5
0.296851 5
0.268654 5
0.222507 5
0.082886 5
1.849558 5
1.124100 5
1.650665 5
0.689682 5
0.711920 5
0.427836 5
1.656606 5
0.521739 11
0.006241 110
5.145530 55
1.964450 1
0.501363 1
0.030278 1
0.028421 1
0.030434 1
0.029172 1
0.033206 1
0.027804 1
0.028519 1
0.029904 1
0.030286 1
0.030961 1
0.029384 1
0.030467 1
0.029924 1
0.029402 1
0.030119 1
0.030192 1
0.028898 1
0.031294 1
0.029939 1
0.028713 1
0.030876 1
0.029942 1
0.030200 1
0.029774 1
0.029948 1
0.031369 1
0.029759 1
0.029759 1
0.029228 1
0.030174 1
0.030434 1
0.028954 1
0.030339 1
0.030703 1
0.396304 1
0.794796 5
1.243470 2
0.000042 9
0.005489 316
23.720690 56
0.631122 1
0.501005 1
0.030714 1
0.029615 1
0.032059 1
0.028141 1
0.028817 1
0.029720 1
0.030055 1
0.029512 1
0.031512 1
0.028941 1
0.030421 1
0.029826 1
0.029012 1
0.030499 1
0.031472 1
0.028941 1
0.029633 1
0.030082 1
0.030118 1
0.029745 1
0.030722 1
0.029630 1
0.030019 1
0.622169 1
0.420730 1
0.502081 1
0.028321 1
0.030080 1
0.030709 1
0.030089 1
0.029151 1
0.030728 1
0.029123 1
0.033906 1
0.025969 1
1.053567 3
0.070343 5
0.524770 5
0.030399 5
0.030062 5
0.030773 5
0.029763 5
0.030580 5
0.028014 5
0.030446 5
0.030226 5
0.030330 5
0.029048 5
0.030639 5
0.152063 5
0.198858 5
0.807244 3
0.225617 3
0.164423 3
0.151428 3
0.139578 3
0.376153 3
1.773736 5
0.229828 5
0.297868 5
1.553957 5
1.578741 5
0.536511 5
2.922624 2
0.002346 9
0.004570 264
0.000172 70
14.771245 47
0.514541 1
0.502475 1
0.028733 1
0.028542 1
0.031853 1
0.028771 1
0.031540 1
0.030408 1
0.031377 1
0.029354 1
0.029014 1
0.029803 1
0.029639 1
0.030062 1
0.029563 1
0.029942 1
0.031298 1
0.027513 1
0.031285 1
0.028801 1
0.031593 1
0.028812 1
0.030390 1
0.029969 1
0.028500 1
0.030925 1
0.029629 1
0.029439 1
0.030545 1
0.030356 1
0.030222 1
0.311730 3
0.824341 5
0.162853 5
0.146589 5
0.091644 5
0.130199 5
0.126353 5
0.676416 5
0.982585 5
0.315063 5
0.794151 5
0.260113 5
0.136849 5
0.206006 5
0.086837 5
2.668609 5
1.142611 5
0.316415 5
0.685863 5
0.209881 5
0.977632 5
2.539044 11
0.008372 168
26.935192 53
0.517261 1
0.503009 1
0.027961 1
0.031964 1
0.028027 1
0.029893 1
0.029981 1
0.030013 1
0.031434 1
0.028911 1
0.031544 1
0.029208 1
0.030048 1
0.029582 1
0.030582 1
0.029420 1
0.030133 1
0.029784 1
0.028298 1
0.030735 1
0.029508 1
0.030672 1
0.227596 1
0.193073 1
0.141459 1
0.109801 1
0.421610 1
0.187928 1
0.219686 1
0.500403 1
0.031291 1
0.028951 1
0.031569 1
0.029486 1
0.029228 1
0.029010 1
0.030412 1
0.030848 1
0.029423 1
0.030227 1
0.031896 1
0.028513 1
0.028090 1
0.030995 1
0.030274 1
0.031616 1
0.030171 1
0.029937 1
0.195065 1
0.397964 3
0.692819 9
0.979870 5
0.107945 5
0.342742 5
1.683247 5
0.350754 5
0.339676 5
1.407403 5
1.587529 5
0.437873 5
1.913653 164
0.294752 166
0.868397 169
0.142429 172
0.108770 177
1.007931 179
2.148768 3
0.500884 3
0.031094 3
0.028976 3
0.029722 3
0.029811 3
0.030043 3
0.031361 3
0.029659 3
0.029132 3
0.030837 3
0.029878 3
0.028852 3
0.028904 3
0.031038 3
0.029350 3
0.031040 3
0.029456 3
0.030517 3
0.890278 1
0.342854 212
0.148040 210
0.126740 209
0.122904 205
0.140003 189
0.126021 7
0.000036 154
0.126058 5
0.129875 5
0.129026 5
0.130717 5
0.345770 5
2.021794 5
1.331586 5
0.503020 5
0.047728 5
0.250802 5
2.461542 200
0.492515 202
1.565762 205
0.623582 208
0.070355 213
0.212904 215
2.777400 217
1.336087 2
0.001599 12
0.005989 7
0.000019 2
0.001567 70
18.517428 70
1.230564 1
0.500573 1
0.030423 1
0.029986 1
0.030510 1
0.029265 1
0.032174 240
0.028171 1
0.028676 1
0.029878 1
0.033002 1
0.029203 1
0.029589 1
0.030005 1
0.030105 1
0.029561 1
0.029760 1
0.029355 1
0.030327 1
0.029765 1
0.031073 1
0.029155 1
0.030063 1
0.030151 1
0.029471 1
0.030091 1
0.029020 1
0.030859 1
0.031079 1
1.396089 216
0.499245 214
0.030337 212
0.029807 211
0.030397 207
0.031462 191
0.028187 164
0.033480 5
0.027440 5
0.030317 5
0.030080 5
0.030010 5
0.031166 5
0.028817 5
0.029503 5
0.030121 5
0.031862 5
0.028887 5
0.030683 5
0.027823 5
0.031975 5
0.031299 5
0.028628 5
0.028308 5
0.029696 5
0.029252 5
0.030963 5
0.029271 5
0.030911 5
0.028830 5
0.030394 5
0.030741 5
0.029046 5
0.201993 5
0.145530 5
0.296140 5
1.457902 5
0.950299 5
0.434986 5
1.326833 5
0.566244 5
2.308607 5
0.239883 5
10.597588 30
10.303278 27
2.564667 5
1.889273 4
0.786358 5
1.868958 3
0.500281 3
0.031595 3
0.029860 3
0.033285 3
0.027959 3
0.028320 3
0.029489 3
0.030835 3
0.028375 3
0.030004 3
0.031640 3
0.029970 3
0.028555 3
0.030494 3
0.029959 3
0.030209 3
0.029651 3
0.030116 3
0.030237 3
0.029874 3
0.029680 3
0.029932 3
0.030085 3
0.030056 3
0.028945 3
0.031290 3
0.029154 3
0.030460 3
0.031063 1
0.029117 1
0.029456 1
0.029737 1
0.031706 1
0.029409 1
0.028864 1
0.429301 2
1.115896 11
0.004794 38
0.002150 72
34.906118 59
5.145744 1
0.502442 1
0.029084 1
0.033131 1
0.026114 1
0.029888 1
0.029931 1
0.029992 1
0.030272 1
0.028746 1
0.033387 1
0.027715 1
0.029581 1
0.029652 1
0.029664 1
0.030208 1
0.030663 1
0.030434 1
0.029572 1
0.029796 1
0.031610 1
0.030361 1
0.028456 1
0.030708 1
0.029998 1
0.029844 1
0.029923 1
0.029384 1
0.030713 1
0.028378 1
0.030646 1
0.030456 1
0.312126 3
0.493891 5
0.144486 5
0.098415 5
0.122862 5
0.128516 5
0.226256 5
0.161180 5
0.298663 5
0.710192 26
1.127017 21
0.329651 1
0.501142 1
0.029032 1
0.033550 1
0.026143 1
0.769102 5
0.348644 3
1.796510 1
0.751850 5
0.921322 5
0.393298 5
0.246193 3
0.244636 3
0.647161 1
0.431084 5
8.406455 1
1.304718 17
0.777590 9
0.392098 1
0.720314 5
3.980463 1
1.339155 3
0.500693 3
0.032515 3
0.030985 3
0.027994 3
0.029146 3
0.030055 3
0.029805 3
0.029903 3
0.030437 3
0.030295 3
0.032461 3
0.027837 3
0.029125 3
0.030237 3
0.030974 3
0.027810 3
0.031560 3
0.028409 3
0.032486 3
0.028328 3
0.029016 3
0.029867 3
0.030173 3
0.030205 3
0.030314 3
0.030732 3
0.030388 3
0.031301 3
0.033762 3
0.026308 3
0.031211 3
0.026100 3
0.029290 3
0.031437 3
0.030091 3
0.030463 3
0.028511 3
0.031592 1
0.029489 1
0.029981 1
0.030398 1
0.539956 11
0.006683 8
0.000064 62
12.161076 59
0.320914 1
0.501213 1
0.030702 1
0.029909 1
0.029570 1
0.032275 1
0.029971 1
0.029040 1
0.027913 1
0.031059 1
0.033065 1
0.026365 1
0.029623 1
0.030885 1
0.031635 1
0.030228 1
0.027009 1
0.029905 1
0.030482 1
0.031198 1
0.028264 1
0.029905 1
0.030718 1
0.031366 1
0.027867 1
0.030286 1
0.030803 1
0.030995 1
0.028143 1
0.030984 1
0.028743 1
0.672885 5
0.419266 11
0.008550 32
0.000012 70
26.374462 57
0.631351 1
0.499423 1
0.031510 1
0.030711 1
0.028685 1
0.029813 1
0.030799 1
0.030529 1
0.028658 1
0.030602 1
0.029639 1
0.029825 1
0.030600 1
0.030241 1
0.029883 1
0.028704 1
0.029806 1
0.030324 1
0.030834 1
0.029689 1
0.029905 1
0.029403 1
0.032777 1
0.027515 1
0.030098 1
0.029860 1
0.030010 1
0.030275 1
0.031435 1
0.030037 1
1.666616 5
0.972218 5
0.451977 1
0.499762 1
0.030630 1
0.031193 1
0.206956 1
0.958459 5
0.332984 5
0.310976 1
0.665778 5
1.001463 5
0.332338 1
0.809134 5
1.534296 5
0.278549 5
0.838751 5
0.145649 5
0.820938 5
1.176876 1
1.294602 2
0.001743 9
0.011128 216
0.000891 70
19.838547 1
0.063595 1
0.417681 1
0.386278 1
0.305374 1
0.696715 7
0.387100 99
1.338966 1
0.082208 1
0.320987 1
0.506934 1
2.255775 1
1.212922 4
0.152317 4
0.103404 4
0.126339 4
0.364661 4
0.809079 1
0.127088 1
0.221251 1
0.496268 1
0.430424 1
1.678293 264
2.135023 138
0.001294 2
0.000334 155
2.852698 1
2.115269 4
2.120813 1
0.395353 1
0.283981 1
0.729732 1
0.630827 1
0.112793 1
0.167050 1
0.136949 1
0.242670 1
0.437375 1
1.248172 1
0.301757 1
0.458084 1
0.226392 1
0.476940 11
0.441058 23
0.000012 123
0.000009 2
0.000008 18
0.000008 2
0.000008 19
0.000016 2
0.012162 88
5.160292 22
0.000112 16
0.000011 85
0.000012 2
0.000010 13
0.000011 2
0.000487 15
0.000056 2
0.000019 19
0.000011 17
0.722082 1
0.467279 1
0.150051 1
0.130490 1
0.100883 1
0.358523 1
0.994801 13
5.794644 11
0.257364 21
0.000057 50
0.000007 118
0.015130 8
0.000020 80
11.596561 194
1.337436 1
0.500497 1
0.033149 1
0.026087 1
0.030169 1
0.030629 1
0.030079 1
0.030945 1
0.029660 1
0.029450 1
0.030256 1
0.028741 1
0.029467 1
0.031395 1
0.030729 1
0.028869 57
0.030338 1
0.029160 1
0.029545 1
0.030525 1
0.029512 1
0.031657 1
0.029294 1
0.030214 1
0.029045 1
0.030702 1
0.029940 1
0.030334 1
0.028615 1
0.031071 1
0.031063 1
0.030581 1
0.028799 1
0.029285 1
0.030506 45
0.028780 1
0.031033 1
0.029878 1
0.030848 1
0.029455 1
0.029676 1
0.029967 1
0.031143 1
0.029133 1
0.029987 1
0.028990 1
0.030736 1
0.030479 1
0.030052 1
0.030123 39
0.029773 1
0.032515 1
0.027415 1
0.030039 1
0.028467 1
0.031902 1
0.030136 1
0.030785 1
0.028840 1
0.028532 1
0.029911 1
0.030563 1
0.030242 42
0.030650 1
0.028939 1
0.030038 1
0.029250 1
0.031545 1
0.028328 1
0.030869 1
0.030465 1
0.028765 1
0.031422 1
0.030041 1
0.028635 1
0.030681 1
0.030230 42
0.030970 1
0.028737 1
0.029353 1
0.030742 1
0.029880 1
0.029608 1
0.031286 1
0.028573 1
0.031031 1
0.030138 1
0.030345 1
0.029717 1
0.028624 1
0.031099 48
0.030467 1
0.029454 1
0.030965 1
0.028926 1
0.030155 1
0.029546 1
0.031354 1
0.028323 1
0.029948 1
0.030907 1
0.030726 1
0.028710 1
0.031451 1
0.028676 1
0.030742 1
0.029083 51
0.030357 1
0.029374 1
0.029936 1
0.030558 1
0.030483 1
0.029480 1
0.030262 1
0.029164 1
0.030546 1
0.031402 1
0.028775 1
0.030312 1
0.031349 1
0.027220 1
0.030122 1
0.030331 1
0.029820 48
0.030713 1
0.029997 1
0.029857 1
0.030493 1
0.032230 1
0.026160 1
0.030981 1
0.031550 1
0.028526 1
0.029987 1
0.030128 1
0.030169 1
0.029719 1
0.030797 1
0.030923 1
0.029062 36
0.028983 1
0.029131 1
0.030688 1
0.030141 1
0.030123 1
0.029422 1
0.030524 1
0.030260 1
0.030165 1
0.030664 1
0.030672 1
0.028255 144
0.031187 1
0.029566 1
0.030106 1
0.028995 1
0.031351 1
0.028607 1
0.030222 1
0.029832 1
0.031357 1
0.029493 1
0.030285 1
0.030654 1
0.029036 1
0.028895 1
0.029965 1
0.029550 1
0.031657 1
0.031661 1
0.030301 1
0.343689 3
0.270446 37
0.860545 41
0.590149 37
0.631048 120
28.409267 1
0.120212 1
0.380957 1
1.077103 1
0.618282 1
1.114673 1
2.308771 1
1.087931 1
0.428809 1
9.224975 1
0.624000 4
0.209684 1
0.202265 1
1.660908 1
1.445713 1
0.803543 4
2.866972 1
1.589607 1
0.570195 1
0.860158 1
1.356436 1
0.788855 1
0.660878 1
0.251870 1
0.158717 1
0.260319 1
0.073298 1
1.136288 1
1.151526 1
0.225933 1
1.520183 1
0.427053 1
0.419531 1
0.457505 1
1.313326 1
0.150413 1
0.693131 5
0.618535 1
0.134832 1
0.358571 1
0.226576 11
1.432948 3
0.249027 3
0.236904 3
0.110583 3
0.120580 3
0.877973 1
1.139402 1
4.520007 1
0.466985 1
0.222253 1
0.205526 1
0.147033 1
0.330449 1
0.436389 1
0.365737 1
1.459681 1
0.566759 1
0.246778 1
0.283412 1
0.890613 1
0.489813 1
2.975964 1
0.290939 1
0.264932 1
0.485984 1
0.375505 1
0.313790 1
0.155025 3
1.456551 1
0.335518 1
0.138542 1
0.130323 1
0.787281 11
0.006877 8
0.000441 80
2.311053 1
0.117199 1
0.253762 1
1.318706 1
0.415370 1
0.170790 10
1.264266 11
0.003942 84
0.000464 88
19.966031 1
0.101032 1
0.230082 1
0.139335 1
0.331794 17
