0.026744 70
5.892521 1
0.394094 1
0.803350 4
0.124612 1
0.249921 1
0.530499 4
0.298145 4
0.132426 4
0.111455 1
0.636286 2
0.095772 1
0.633794 1
0.389787 1
0.459204 7
0.743030 11
0.000159 88
5.303109 1
0.078784 1
0.268591 1
0.516889 1
0.930771 1
0.322306 1
5.951357 46
0.000011 161
2.156405 1
0.000682 251
0.000148 1
0.775455 54
1.717732 1
0.318959 1
0.225180 1
4.146662 1
0.299444 1
0.210371 1
0.123643 1
0.448441 1
0.232871 1
0.761316 1
0.534429 1
0.127974 1
0.078286 1
2.914836 11
0.001313 88
25.801599 1
0.066648 1
0.142496 1
1.238905 1
0.892796 1
1.131582 1
0.505728 1
0.257871 1
0.118653 1
0.226843 1
1.513220 1
0.362629 1
1.362541 4
1.846338 1
0.207719 1
0.255430 1
0.814343 1
0.591516 1
0.488023 1
0.366951 1
0.682690 1
2.122151 1
1.509196 5
1.368949 11
0.002262 186
0.000735 88
22.725340 25
0.432742 1
0.500794 1
0.029517 1
0.030269 1
0.032053 1
0.029566 1
0.028299 1
0.032635 1
0.028665 1
0.029121 1
0.032061 1
0.029913 1
0.027963 1
0.032137 1
0.028581 1
0.028719 1
0.031097 1
0.029585 1
0.030083 1
0.602797 1
0.185888 1
0.812867 5
0.531136 5
0.520775 5
1.375363 11
0.003850 59
0.000048 88
9.971094 28
0.399913 1
0.502740 1
0.028392 1
0.030768 1
0.029479 1
0.029569 1
0.030434 1
0.029744 1
0.030683 1
0.029690 1
0.027962 1
0.032373 1
0.030278 1
0.773139 1
0.617591 5
0.131524 5
0.240150 5
0.155237 5
0.140245 5
0.372418 5
0.501160 5
0.184654 5
0.902375 5
0.450579 5
1.434984 5
1.840812 2
0.000552 9
0.005637 16
0.000023 2
0.000016 10
0.000011 2
0.000012 18
0.000011 2
0.000054 5
0.000016 2
0.000541 8
0.000107 80
16.055854 25
0.910979 1
0.500126 1
0.029867 1
0.029753 1
0.030915 1
0.029429 1
0.029617 1
0.029840 1
0.032060 1
0.029197 1
0.028973 1
0.029897 1
0.030523 1
0.030762 1
0.029337 1
0.030132 1
0.031286 1
0.028470 1
0.637714 1
0.470871 5
0.501421 5
0.029747 5
0.030606 5
0.028256 5
0.031557 5
0.028378 1
0.031356 1
0.032431 1
0.027937 1
0.030429 1
0.029304 1
0.463067 8
0.233901 5
0.239876 5
0.902469 3
0.501411 3
0.028884 3
0.029947 3
0.029859 3
0.029976 3
0.031737 3
0.028397 3
0.029799 3
0.030418 3
0.031446 3
0.027913 3
0.364283 3
0.500337 3
0.030621 3
0.030956 3
0.028598 3
0.032631 3
0.461531 7
0.501396 7
0.029286 7
0.031341 7
0.031734 7
0.029398 7
0.029492 7
0.028838 7
0.326224 7
2.239186 3
0.303660 5
0.184756 3
0.075433 3
0.833130 3
0.128347 3
0.220684 3
0.298106 3
0.146213 3
2.356010 99
2.573007 1
0.128744 1
0.261261 1
1.146472 1
0.440256 1
0.494643 1
1.021274 1
0.688061 1
0.130047 1
0.755130 1
0.397722 1
0.089017 1
0.397757 1
0.177595 1
0.243506 1
0.275161 1
0.157415 1
1.394338 1
0.261302 1
0.430867 1
0.118670 1
0.499156 1
0.133632 1
0.382968 1
0.242959 1
0.218881 1
0.116667 1
1.297829 11
0.003550 18
0.000188 10
0.000010 29
0.000459 8
0.000033 80
13.146280 1
0.102111 1
0.229933 1
1.327237 1
0.618047 1
0.632072 1
0.477425 1
1.056904 1
0.235711 1
0.544258 1
0.705228 4
0.250507 1
2.192262 1
3.470335 1
0.889631 1
1.209322 1
0.759115 1
0.918538 1
0.560535 1
0.212021 1
0.821528 1
1.315330 4
0.173675 4
0.425997 1
0.584413 1
0.178380 1
0.355418 1
0.305474 1
0.158340 1
0.174428 1
0.229769 1
0.541204 1
0.617944 1
0.416832 1
0.133146 1
0.462590 1
0.427051 1
1.100918 1
0.801275 1
0.732204 1
0.843176 4
0.375187 1
0.265214 1
0.228792 1
0.235955 1
0.134811 1
0.168647 1
1.446077 1
0.273888 1
0.113789 1
0.438381 99
1.364015 1
0.101796 1
0.312325 1
0.214700 1
0.442910 1
0.163102 1
0.436223 1
0.522921 1
0.185677 1
0.123969 1
0.195076 1
1.614000 1
0.226463 1
0.236671 1
0.296315 1
0.598984 1
0.425467 9
1.505145 11
0.004875 11
0.001067 227
36.081699 1
0.081091 1
0.225463 1
0.338858 1
0.807047 1
4.297403 1
13.729732 43
3.775096 121
2.647676 1
0.573607 1
0.380438 1
1.995155 1
0.398031 1
0.231380 1
0.224159 1
0.486257 1
0.307596 1
0.194337 1
4.949996 2
0.000024 98
0.949535 1
0.104546 1
0.168981 1
0.618555 1
0.354683 1
0.138858 1
0.580993 1
0.465491 1
0.250693 1
0.186600 1
0.195165 1
0.570577 1
0.138968 1
1.014636 1
0.479905 1
0.500012 1
0.109309 8
1.254029 11
0.003903 9
0.000694 154
0.003002 88
16.471547 1
0.131618 1
0.252557 1
0.632930 1
0.630271 1
0.375577 1
2.280157 1
0.407696 1
1.953628 1
0.684212 1
0.798124 1
0.219465 1
0.117495 1
2.599239 1
1.880884 1
0.496821 1
0.440502 1
0.442353 1
0.065394 1
0.236350 1
4.947130 1
0.339427 1
0.997929 1
0.426247 1
1.089459 1
0.397604 1
0.229563 1
0.124677 1
0.318822 1
0.079851 1
1.074673 1
0.460149 1
0.084948 1
0.216840 1
35.139713 11
0.005550 62
0.000265 88
94.267671 1
0.079390 1
0.291634 1
0.625273 1
0.614975 1
1.457087 1
0.145794 1
0.285287 1
0.252065 1
0.148879 1
1.116699 1
0.109918 1
0.719423 1
0.406550 1
0.107785 1
0.806937 11
0.097094 8
0.000141 54
0.000036 7
0.000016 6
0.000268 29
0.000022 21
0.000015 6
0.000354 3
0.000019 96
0.000014 6
0.000029 6
0.000016 27
0.000018 82
0.000017 60
0.000011 27
0.000022 140
0.000026 5
0.000014 12
7.951758 13
0.001901 1011
0.961401 22
0.013790 22
0.023247 22
0.014240 18
0.000062 13
0.000043 17
0.000029 108
0.000030 76
0.000010 11
0.014589 6
0.000246 12
0.000007 12
0.000036 17
0.000044 99
0.000042 61
0.000024 11
0.021495 6
0.000176 12
0.000132 12
0.000033 17
0.000050 45
0.000051 260
0.000024 11
0.022400 143
0.000026 6
0.000025 12
0.000035 12
0.000040 15
0.050027 18
0.000032 11
0.000187 406
0.081774 6
0.000060 12
0.000235 11
0.000006 35
0.000013 11
0.000016 6
0.000020 12
0.066653 6
0.000043 12
0.000029 6
0.000015 12
0.000189 6
0.000006 12
0.065422 18
0.000034 6
0.000017 12
0.000040 18
1.770333 2381
0.026678 2784
0.028038 2799
0.055970 32
0.000043 36
0.000197 2048
0.000049 187
0.000017 77
0.000017 8
0.000030 7
0.000012 7
0.000044 15
0.000613 399
0.000018 6
0.000013 12
0.000012 6
0.000009 6
0.000014 12
0.045565 68
0.000261 2048
0.000017 187
0.000041 141
0.000045 7
0.000064 7
0.000007 15
0.000892 388
0.000052 42
0.065127 68
0.000195 2048
0.000016 187
0.000044 182
0.000105 7
0.000007 22
0.000615 362
0.000015 6
0.000017 12
0.000018 6
0.000052 6
0.000078 12
0.050950 32
0.000007 36
0.000225 2048
0.000031 379
0.000004 7
0.000010 7
0.000048 15
0.001225 342
0.000020 18
0.000019 6
0.000010 18
0.039300 68
0.001701 2840
0.071873 2908
18.623187 262
0.000017 121
0.889617 45
0.017227 407
1.174459 20
0.000035 12
0.000018 32
0.000022 8
0.001044 8
0.000038 80
1.780576 15
0.454341 1
0.500805 1
0.030804 1
0.030115 1
0.030364 1
0.033655 1
0.025926 1
0.032158 1
0.028676 1
0.029224 1
0.267468 1
0.466406 27
0.146062 27
0.083314 27
0.158421 27
0.728556 23
0.126966 23
0.325562 23
0.284148 23
0.803834 23
0.301012 25
0.290731 23
0.320366 23
1.489958 11
0.004886 88
1.167189 1
0.153157 1
1.854846 1
0.141227 1
0.819999 9
6.291706 11
0.069065 131
0.016263 130
20.268540 1
0.162104 1
0.202508 1
0.128716 1
0.311824 2
0.000012 9
0.000758 4
0.000029 2
