0.032657 70
2.453800 1
0.090478 1
1.238158 1
0.064743 1
1.966935 1
0.386800 1
0.180509 1
0.360797 1
1.369989 11
0.000130 70
0.818615 1
0.095432 1
0.406170 1
0.663642 1
1.246695 1
1.464162 1
1.929812 1
0.074502 1
0.357182 1
0.298256 1
0.778732 11
0.000400 75
21.414862 1
0.134259 1
0.405656 1
0.069594 1
1.591893 1
1.322050 1
0.118276 1
0.069730 1
0.993129 11
0.002685 70
1.559044 8
0.378632 18
0.779708 2
0.000062 9
0.000008 3
0.000030 2
0.000243 8
0.000252 62
12.018417 1
0.184178 1
1.187153 1
0.084179 1
1.005433 1
1.011329 1
0.801790 1
0.139748 1
0.565350 1
0.122015 1
0.806016 1
0.313282 1
0.109074 1
0.211273 1
0.381056 1
0.161025 1
0.124413 1
0.073901 1
1.030734 1
0.597456 81
1.077553 19
0.299254 63
1.218463 95
10.875743 1
0.493743 4
0.556150 1
0.170215 1
0.146332 1
0.122991 1
0.265584 1
1.624746 1
0.367383 1
0.124028 1
0.613413 1
0.161038 1
1.054704 81
5.374488 10
0.159660 20
0.175028 29
0.389103 63
0.919068 83
16.990699 1
0.079553 1
0.315134 1
0.236429 1
1.660217 1
0.713074 1
0.646189 1
0.785095 1
0.132056 1
0.629025 1
0.104577 1
1.777555 1
0.266453 2
0.000122 9
0.000008 8
0.000026 62
1.816178 1
0.130564 1
0.387476 1
0.335530 1
1.483185 1
0.314828 1
1.322551 1
1.857536 1
0.460381 1
0.094132 1
0.336062 1
0.394329 1
0.936745 1
1.059166 1
0.507496 1
1.209714 1
1.694554 1
0.638813 2
0.000107 17
0.000847 2
5.816687 17
1.888784 12
0.499999 4
0.028911 4
0.030633 4
0.031098 4
0.029540 4
0.029795 4
0.029844 4
0.029090 4
0.030301 1
0.590370 42
1.011866 11
0.000008 8
0.000472 2
2.031723 1
0.064463 1
0.737793 1
0.161184 1
0.155285 21
0.971941 21
3.023760 1
0.310567 100
3.105398 17
0.000279 16
1.812468 18
0.283397 4
0.501352 4
0.029959 4
0.029328 4
0.031351 6
0.029088 6
0.029080 6
0.029491 105
0.030058 4
0.031869 4
0.028641 4
2.817370 1
1.516672 4
0.645494 1
0.276409 1
1.492583 1
0.945934 4
0.365010 1
4.565359 33
0.851740 81
0.511342 12
0.395255 29
2.449052 11
0.000198 77
12.885029 1
0.071519 1
0.272179 1
0.233253 1
1.681423 1
0.365989 1
0.488009 1
0.802878 1
1.077203 1
1.338642 11
0.000136 70
0.919706 9
0.446534 26
0.921111 16
0.001241 2
0.000126 8
0.000051 62
16.204774 1
0.256906 1
0.145698 1
0.126442 1
0.289515 1
0.898949 1
0.312657 1
0.086620 1
0.388649 1
0.692511 4
0.165161 4
0.270908 4
0.872321 1
0.094163 1
0.722075 1
0.303652 1
1.087533 2
0.000059 9
0.000541 8
0.000049 62
1.270991 10
0.155139 27
1.518887 83
16.033926 1
0.066322 1
0.201680 1
0.190124 1
2.291460 1
0.293955 1
1.332112 1
0.129995 1
1.172707 1
1.538603 1
0.798009 1
0.129676 1
0.888789 1
0.073581 1
1.211027 1
0.193120 1
0.698955 1
1.043174 1
0.086163 1
0.861883 1
3.232616 81
1.127277 1
0.047132 1
0.299448 2
0.000740 9
0.014505 1620
0.000932 70
2.360669 67
0.058302 67
0.026985 67
0.046749 67
0.069110 67
0.072971 67
0.072686 67
1.691886 67
14.693729 1
0.125945 1
0.138682 1
1.543015 1
0.394993 1
0.492230 1
0.383877 1
0.253044 1
0.113712 1
2.000366 1
1.483299 1
1.558447 1
0.538059 1
0.060328 1
0.304872 1
0.923971 1
1.124029 11
0.146851 76
0.013459 8
0.000103 62
4.508309 1
0.085688 1
0.525828 1
0.105263 1
0.238311 1
0.226211 1
0.175655 1
0.297677 1
1.020187 1
0.333432 1
0.230798 1
0.577061 1
0.207563 1
0.267668 1
0.326494 1
0.133385 1
0.597194 1
0.983340 1
0.849215 1
0.218035 1
0.612684 1
0.315154 2
0.000815 9
0.050898 26
7.161259 2
0.071447 29
0.201755 31
0.001464 31
0.002266 2
0.019230 64
0.042605 66
0.131460 70
0.006643 70
0.352506 45
0.003935 10
0.065447 66
0.050060 104
0.011375 22
0.500779 50
0.420467 217
0.100409 108
0.630268 16
0.058225 70
0.000177 22
0.003011 237
0.126035 26
0.092064 25
0.002635 1
0.114059 26
0.095203 26
0.101372 26
0.118848 26
0.117868 26
0.139738 26
0.141457 26
0.137753 101
0.008626 60
0.000304 45
0.000035 64
0.006131 45
0.000088 62
0.000026 2
0.008231 29
0.093235 109
0.060884 30
0.010009 109
0.010720 109
0.007236 53
1.225895 20
1.180133 70
34.254903 21
0.653885 69
0.948379 11
0.002390 8
0.000031 62
18.512974 1
0.083547 1
0.214330 1
0.467081 1
0.506994 1
0.099119 1
0.229416 1
0.560690 1
0.999237 1
1.956527 1
1.360342 1
1.530814 1
0.045579 1
0.293566 1
0.284289 1
1.255562 1
0.768978 1
9.940763 1
1.238557 1
1.977902 1
4.019208 1
0.851384 1
1.891716 1
2.177490 1
0.395646 1
1.548704 1
1.656987 2
0.000760 9
0.023651 70
3.087442 1
0.094514 1
0.888769 1
0.298942 1
0.522410 1
0.106584 1
1.740649 1
0.266572 1
0.172054 1
0.391439 1
0.077565 1
1.267378 1
0.674318 1
2.708906 1
0.698301 1
0.462335 1
0.114913 1
1.465094 1
1.352390 1
1.436722 1
2.375358 1
0.136029 1
0.295662 1
0.975993 1
0.557691 1
0.225759 1
0.270397 1
0.086374 1
3.205328 1
2.300111 1
1.512524 1
0.225970 1
0.303133 1
2.202032 4
0.177263 4
0.194388 4
0.671452 1
0.860152 1
0.185379 1
0.259884 1
1.162419 1
0.732335 1
1.376363 1
0.503173 1
0.852649 1
0.322608 1
1.202757 1
2.061363 11
0.109358 8
0.000196 62
22.198783 41
0.614944 11
0.051942 70
22.860741 41
0.396049 1
0.502361 1
0.028465 1
0.030120 1
0.029549 1
0.036371 1
0.023253 1
0.031318 1
0.029678 1
0.340362 1
4.923131 21
1.297927 11
0.044588 70
7.351359 42
0.256815 11
0.043506 70
3.961940 42
0.383258 1
0.426454 3
0.432826 4
0.502273 4
0.030138 4
0.028504 4
0.030584 4
0.030565 4
0.029372 4
0.029334 4
0.030721 4
0.029180 4
0.433830 4
0.165725 4
0.253993 11
0.038559 70
2.143507 30
4.280831 12
4.090151 1
2.701890 3
7.094529 2
0.000969 9
0.079738 70
14.984562 1
0.128794 1
0.804552 1
0.099102 1
1.394867 11
0.002176 6
