0.062337 70
2.614764 1
0.070531 1
0.205923 1
0.458989 1
0.094073 1
1.221395 1
0.292836 1
0.077411 1
0.735045 1
0.214331 1
0.278419 1
0.063791 1
2.200006 1
0.562863 1
0.521903 1
0.570340 1
0.194244 1
0.202498 1
1.281267 1
3.114441 1
0.724662 1
0.107751 1
1.235240 1
0.194381 1
0.232117 1
0.371948 1
0.614297 1
1.681184 1
0.886204 1
1.133736 1
0.278441 1
0.152548 1
0.403152 1
0.890482 1
1.588161 11
0.009891 8
0.000231 62
1.056833 1
0.054629 1
0.364437 11
0.003952 341
0.000036 62
28.699218 1
0.409873 1
0.707639 1
0.098599 1
0.276338 1
1.031633 1
0.209859 1
0.086869 1
0.384926 1
0.170859 1
0.125467 1
0.194925 1
0.467331 2
0.000022 9
0.006895 8
0.000096 62
2.563829 1
0.079819 1
1.747645 1
0.527361 1
0.034960 1
0.263283 1
0.203334 1
0.181079 1
0.263354 1
1.644404 1
0.647957 1
0.466350 1
0.501529 1
0.142667 1
0.196863 1
0.857251 4
0.141489 4
0.344675 4
0.617247 1
0.158785 1
0.339673 1
0.945615 1
1.757434 1
0.612520 1
0.080485 1
0.272287 1
0.188476 1
0.117606 1
0.172859 1
0.625676 1
1.738026 11
0.005653 70
1.003931 1
0.086983 1
0.621095 1
0.190203 1
0.118086 1
2.109044 1
0.203472 1
0.221076 1
0.109689 1
2.593763 11
0.004457 28
0.000202 2
0.000608 70
2.868454 1
0.095048 1
0.749745 2
0.000505 9
0.007305 115
0.000011 216
0.001266 70
37.929982 1
0.084340 1
1.415136 1
0.237248 1
0.072587 1
0.634994 1
0.195592 1
0.295242 1
0.219447 1
0.248752 1
1.950200 1
0.843457 1
0.552028 1
0.562372 1
0.155458 1
0.132037 1
0.762967 1
1.981079 11
0.006568 8
0.000014 62
0.830282 1
0.430595 4
0.363996 1
0.092137 1
0.165067 11
0.003845 368
14.820957 1
0.070387 1
0.187753 1
0.468462 1
1.658699 1
0.508890 1
5.243161 1
2.176118 1
0.619275 1
0.155127 1
0.520402 1
0.355148 1
0.103173 1
0.275331 1
0.179644 1
0.203114 1
0.085524 1
1.901079 1
0.779614 1
1.277945 2
0.003264 9
0.006249 8
0.000029 2
0.000017 8
0.000013 2
0.000015 8
0.000206 2
0.000182 8
0.000035 62
13.620683 1
0.109927 1
0.312137 1
0.100114 1
0.432608 17
