0.023564 70
9.048640 1
26.904108 4
11.058598 1
0.127159 1
0.398367 1
1.380812 1
0.725268 1
1.166730 1
0.205159 1
0.603330 4
0.166283 4
0.277321 1
0.794519 1
0.595156 1
0.079095 1
0.472100 4
0.167936 4
0.517980 1
0.099231 1
0.783693 11
0.002213 8
0.000244 67
0.000582 56
0.000456 220
0.000055 227
0.000668 17
5.473026 828
13.279478 383
1.176450 6
0.000705 45
0.009532 22
0.000035 14
0.000021 23
0.000004 4
0.000017 6
0.000488 8
0.000027 145
0.000019 157
0.000015 10
0.000019 12
0.000019 7
1.049570 6
0.001298 66
0.000098 8
0.000017 62
2.025281 9
0.459130 17
0.837661 13
0.809533 4
0.501090 4
0.034870 4
0.027504 4
0.027924 4
0.030605 4
0.042370 4
0.025030 4
0.041186 4
0.011320 1
0.030509 1
0.030173 1
0.028704 1
0.030270 1
0.689007 1
0.112802 1
0.861268 1
0.063459 1
0.362574 1
0.492429 1
0.295741 1
0.335012 1
0.410084 1
0.425576 1
0.236108 1
0.518873 1
0.086951 1
1.292690 11
0.005699 70
9.637931 1
0.352736 1
0.958978 1
0.425422 1
0.755497 1
0.104265 1
1.453689 11
0.002831 39
1.405167 1
0.968123 2
0.000012 57
0.000081 2
0.000895 8
0.000012 62
2.209096 6
4.645519 11
0.002049 39
0.960336 1
0.392149 2
0.000472 27
0.000117 70
5.234137 6
1.232516 2
0.001180 9
0.004261 39
0.555086 4
1.378145 3
0.129557 3
0.119463 6
2.005075 1
0.208519 1
0.501816 2
0.000010 58
0.003086 2
0.003759 70
22.153084 6
0.163139 19
0.498519 36
0.358275 17
0.561758 13
0.938145 11
0.003235 8
0.000242 67
0.001815 545
0.000909 5
0.002182 21
0.000017 762
15.702550 6
0.000884 65
0.000635 70
30.709685 9
0.535139 1
0.137446 1
0.119378 1
0.795075 11
0.074050 7
0.554245 11
0.004879 75
0.000060 520
22.207069 13
0.000024 16
0.000011 16
0.001051 770
1.152126 18
0.000106 6
0.022774 25
0.000036 25
0.014130 18
0.000022 5
0.001836 24
0.019846 25
0.000119 120
0.014841 18
0.000043 11
0.000024 17
0.000022 13
0.001979 56
0.000046 19
0.000024 11
0.020488 6
0.000343 272
0.014327 18
0.000038 12
0.000015 17
0.000017 51
0.000011 58
0.000018 16
0.000009 11
0.022027 18
0.000039 12
0.000017 17
0.000017 75
0.000055 60
0.000015 11
0.024307 6
0.000426 65
0.560713 18
0.015120 18
0.036694 18
0.053666 18
0.109475 18
1.000105 25
1.575036 68
0.000030 36
0.000014 8
0.000024 7
0.000009 7
0.000578 102
0.000243 1521
0.000124 6
0.000016 12
0.000014 7
0.000014 18
0.029451 2003
0.026868 68
0.000191 1515
0.000598 397
0.000011 6
0.000013 12
0.000011 7
0.000009 6
0.000011 12
0.025288 2023
0.016871 2096
0.027749 2212
0.027366 2207
0.047905 68
0.000149 2139
0.088356 2207
0.066397 2207
0.048465 2164
0.000011 6
0.000012 12
0.000010 7
0.000008 6
0.000011 12
0.128968 2207
0.145696 2207
20.305325 262
0.000011 121
0.696471 6
0.000371 45
0.004371 28
0.000057 41
0.000046 320
0.000018 12
0.000018 7
0.708088 6
0.000204 14
0.000020 12
0.000010 32
0.000015 8
0.000700 70
1.574959 9
0.326675 8
0.346179 19
0.413725 19
0.796328 1
0.145499 1
0.135647 1
0.809997 11
0.070506 7
1.220135 11
0.002326 70
0.579053 13
0.377276 36
1.401480 8
0.363660 19
0.857883 1
0.123697 1
0.143665 1
0.893460 11
0.097261 7
0.762127 11
0.004546 68
0.000015 2
1.971402 1
0.395844 2
0.001680 47
0.000117 8
0.000038 62
1.381715 6
0.533685 2
0.000014 9
0.003324 70
2.130357 1
0.288457 2
0.002245 49
0.000167 70
20.313984 6
0.288556 19
0.450431 36
0.611695 1
0.151492 1
0.132844 1
1.017495 11
0.022262 7
1.352429 11
0.004216 131
0.000515 464
28.149764 1136
17.281766 6
0.000004 8
0.000227 117
0.001264 252
0.350063 6
0.000058 8
0.000030 5
0.000013 32
0.008566 408
0.671039 6
0.001390 136
1.540020 9
0.383409 19
0.663029 15
0.876898 19
0.195292 19
0.603402 1
0.136340 1
0.113364 1
0.863547 11
0.073638 7
0.403420 11
0.002184 70
0.688695 13
0.996733 36
0.845641 19
0.390224 1
0.152350 1
0.280724 1
0.983359 11
0.045396 7
1.214277 11
0.002540 76
0.000011 2
0.007822 29
0.000014 2
0.003028 25
0.000010 2
0.000159 8
0.000026 62
108.544084 6
0.432326 19
0.439816 36
1.098238 1
0.134296 1
0.125024 1
1.192001 11
0.063717 7
15.825483 11
0.003845 595
3.144831 6
0.000081 7
0.000142 16
0.000154 16
0.001143 5
0.000033 14
0.000023 73
0.000024 149
0.000020 149
0.000019 62
0.000018 20
0.000018 67
0.000017 20
0.000017 20
0.000018 55
0.000024 79
0.000018 81
0.000018 72
0.000019 70
0.000018 64
0.000284 71
0.000016 16
0.000014 11
0.000015 12
1.228254 6
0.000400 12
0.000007 5
0.000016 6
0.000016 12
0.000012 5
0.028574 21
0.000034 21
0.000027 21
0.000026 21
0.044206 22
0.089982 22
0.095553 18
0.000262 526
0.058881 6
0.000603 12
0.000008 81
0.000016 6
0.000091 12
0.000020 12
0.000014 17
0.000018 80
0.000015 148
0.000020 18
0.000010 11
0.495652 6
0.000072 12
0.000029 12
0.000016 15
0.000027 106
0.000009 11
0.000024 6
0.000013 12
0.000019 12
0.000060 15
0.000093 133
0.001282 18
0.000047 12
0.000023 15
0.000039 101
0.000009 11
0.012936 6
0.000396 12
0.000045 12
0.000028 17
0.000027 88
0.000029 68
0.000015 11
0.024233 75
0.000022 6
0.000017 12
0.018890 18
0.000038 18
0.000027 18
0.000024 18
0.015948 18
0.000031 18
0.000025 18
0.000025 18
0.021948 18
0.000031 18
0.000025 18
0.000025 18
0.032789 18
0.000029 18
0.000025 18
0.000025 18
0.026868 18
0.000035 18
0.000043 18
0.000026 18
0.058697 18
0.936472 6
0.000131 17
0.026490 6
0.000042 18
0.000035 22
0.000076 23
0.044594 23
0.000026 6
0.000019 12
0.000014 5
0.194658 23
0.000122 23
0.000071 6
0.000034 12
0.000033 5
0.002622 23
2.101924 2942
0.234791 68
0.000265 2048
0.000048 601
0.000004 22
0.000470 342
0.000010 6
0.000011 12
0.000013 7
0.000008 6
0.000013 12
25.309950 262
0.000139 121
0.995870 51
0.010862 408
1.153371 142
1.186302 9
0.308751 19
0.536081 19
0.567369 1
0.166081 1
0.134129 1
0.864249 11
0.086645 7
1.898217 11
0.004458 8
0.000083 62
0.683755 13
0.877158 36
0.525677 19
0.687941 1
0.144403 1
0.154477 1
0.935297 11
0.085376 7
7.353053 11
0.005294 83
0.030343 177
0.011269 24
0.000020 27
0.000004 35
0.000015 2
0.000007 24
0.000049 2
0.000005 32
0.000009 2
0.000153 30
0.000125 8
0.000022 62
23.412720 6
0.365251 19
0.609905 36
0.911827 1
0.176891 1
0.150447 1
0.983527 11
0.067120 7
72.105819 3
0.299148 3
0.186180 3
0.573386 2
0.002990 9
0.004478 8
0.000056 54
0.000026 7
0.000008 6
0.000636 29
0.000021 21
0.000008 6
0.000327 3
0.000015 96
0.000009 6
0.000024 6
0.000011 27
0.000012 82
0.000012 60
0.000010 27
0.000011 140
0.000028 5
0.000010 12
3.071947 6
0.001237 39
0.002644 723
0.000010 615
0.000005 134
0.000005 95
0.000004 21
0.000004 97
0.000004 14
0.000004 11
0.000003 12
1.136960 23
0.036840 23
0.059902 23
0.080575 18
0.000568 5
0.081319 6
0.000091 17
0.074069 18
0.000162 6
0.058436 6
0.000093 12
21.584122 6
0.001159 377
0.812033 51
0.010673 7
0.000444 70
0.000005 145
0.001054 185
0.693342 12
0.001657 8
0.000057 12
0.000052 32
0.000036 8
0.001982 8
0.000069 62
1.286707 9
0.321995 19
0.457594 19
0.720992 1
0.160362 1
0.128954 1
0.812527 11
0.093860 7
0.282151 11
0.007902 70
0.607088 13
0.477413 36
1.197728 19
0.548838 1
0.152087 1
0.121864 1
0.914545 11
0.078307 7
0.337992 2
0.000036 9
0.005527 62
1.880307 1
0.125555 1
0.443475 1
0.143887 1
0.164876 1
0.711036 1
0.313526 1
0.118592 1
0.129866 1
0.312679 2
0.001320 64
0.000189 70
2.416333 6
0.767744 2
0.000431 9
0.002215 62
1.749310 1
0.076546 1
0.114269 1
0.062008 1
0.057271 1
0.051062 1
0.063141 1
0.311982 2
0.002579 145
33.022155 6
0.511073 19
0.401056 36
0.761814 1
0.165101 1
0.127885 1
0.135309 1
0.686681 3
1.015789 11
0.071404 7
0.784415 11
0.003708 75
0.000009 29
0.000014 21
0.000312 9
0.000012 96
0.000009 6
0.000023 6
0.000011 27
0.000011 82
0.000012 60
0.000009 27
0.000040 140
0.000031 5
0.000008 12
41.539896 13
0.001159 1436
1.093741 24
0.067816 25
0.035958 22
0.028967 22
0.037451 22
0.044316 18
0.029847 18
0.036804 18
16.307315 383
0.616572 51
0.008369 407
4.460308 72
0.000272 8
0.000075 62
0.907216 9
0.368608 19
0.566077 19
0.897220 1
0.177103 1
0.134961 1
0.838389 11
0.087455 7
0.343703 11
0.002509 70
5.569814 1
0.103416 1
0.223969 1
0.400763 1
0.071929 1
1.172678 1
0.750048 1
0.465392 1
0.347888 1
0.140913 1
0.309353 1
1.057640 1
1.867169 1
1.609779 1
0.958738 1
0.228934 1
0.238834 1
0.862053 2
0.000714 9
0.002837 8
0.000024 62
1.457684 1
0.133156 1
0.309418 11
0.002776 592
0.000686 70
2.683557 1
0.216016 1
1.577139 1
1.222742 1
0.937222 1
0.091338 1
0.770904 11
0.007503 48
0.006566 48
0.002942 48
0.005468 48
0.000008 38
0.000009 2
0.000214 8
0.000017 62
101.156078 6
0.581784 1
0.146618 1
0.137140 1
0.491428 9
0.408928 19
0.356674 34
0.432395 36
0.569636 1
0.155532 1
0.158373 1
0.912984 11
0.088900 7
0.410706 2
0.000479 9
0.004659 8
0.002662 54
0.000300 42
0.000064 21
0.000008 6
0.000328 3
0.000014 96
0.000008 6
0.000024 6
0.000011 27
0.000012 82
0.000011 60
0.000011 27
0.000012 140
0.000024 5
0.000009 12
1.733505 13
0.003533 1578
0.000270 606
19.198006 14
0.000430 369
0.403035 6
0.000682 8
0.000013 5
0.000004 32
0.007990 77
0.000010 331
0.635238 6
0.001995 66
0.000227 8
0.000047 62
5.584983 9
0.468184 19
0.438013 12
0.395773 19
0.463313 34
1.418431 1
0.142551 1
0.121333 1
0.638691 11
0.647537 7
2.615275 11
0.002542 70
1.040532 13
0.334503 36
2.114756 4
0.505496 4
0.027362 4
0.028478 4
0.029297 4
0.030157 4
0.044830 4
0.020397 4
0.031146 4
0.025222 1
0.027746 1
0.031330 1
0.645464 1
0.079692 1
0.837368 1
0.066858 1
0.415704 1
1.008161 1
0.765631 1
0.284944 1
0.114594 1
0.474333 1
0.785943 1
0.116218 1
0.210726 1
0.062415 1
0.288122 11
0.002280 7
0.000957 57
0.000097 62
3.487049 1
0.952392 1
1.574159 1
1.540026 1
0.498701 1
0.070981 1
0.360719 11
0.006576 135
0.000749 70
10.027116 1
0.292785 1
0.114982 1
0.398784 93
1.749960 3
0.729864 9
1.541570 1
0.637971 1
2.561671 1
0.071114 1
0.472711 1
0.125644 1
2.102191 1
0.594700 1
0.234381 1
0.109073 1
0.230113 1
2.414601 2
0.000434 9
0.163695 150
62.445647 17
0.357980 23
0.434786 9
0.289455 20
0.488338 19
0.266137 36
0.685161 1
0.166217 1
0.118714 1
1.075680 11
0.074059 7
1.161099 2
0.000451 9
0.003202 8
0.000251 54
0.000176 13
0.000628 29
0.000183 21
0.000206 6
0.000582 464
2.228388 6
0.000907 39
0.001218 5
0.001708 21
0.002487 116
0.000185 76
0.000025 71
0.000021 91
0.000012 103
0.000023 171
0.000030 92
0.000011 22
0.000089 1344
20.035421 383
0.304673 6
0.000688 8
0.000012 5
0.000272 32
0.006694 408
0.647577 72
0.002119 70
0.224148 11
0.000010 8
0.002457 62
2.098051 9
1.095581 1
0.607391 1
0.563155 1
0.267692 1
0.180993 1
0.751646 15
0.120770 15
0.111051 15
0.117323 15
0.146561 1
0.564245 11
0.075919 11
0.352860 11
0.370130 11
0.143410 11
0.824777 11
1.554126 15
0.198406 13
0.734608 11
0.708900 15
0.704377 11
0.154200 11
0.586413 15
0.161202 15
0.526289 11
0.492430 11
1.227872 11
0.004339 70
12.484141 1
2.392636 1
0.100861 1
1.708719 1
0.386830 1
0.124942 1
2.233962 11
0.006074 67
0.000037 36
0.000005 42
0.036054 63
0.003301 63
0.002380 63
0.002463 61
0.000117 2
0.002684 63
0.002908 63
0.002602 63
0.002321 63
0.002543 63
0.002976 145
0.014028 63
0.009232 63
0.005758 63
0.005945 63
0.008912 63
0.005515 63
0.004688 61
0.001449 2
0.007074 63
0.004465 61
0.000294 2
0.003757 63
0.000234 2
0.000077 2
0.000168 98
0.007138 63
0.003242 63
0.002781 63
0.003951 61
0.000337 2
0.007556 63
0.005787 63
0.008101 61
0.000735 2
0.009651 63
0.003116 61
0.000016 2
0.002905 63
0.000013 2
0.000227 8
0.000028 62
85.492373 6
1.578688 19
0.807793 36
0.580722 1
0.153731 1
0.124011 1
1.255866 11
0.078500 7
0.619707 11
0.003042 8
0.000274 123
0.000390 464
2.454238 6
0.001686 483
0.000014 520
1.515735 24
0.039858 6
0.000931 20
0.040243 18
0.000030 6
0.218618 6
0.000091 19
0.048226 18
0.000040 13
0.000021 17
0.000014 11
0.000024 38
0.000009 11
0.029041 6
0.000272 393
0.682742 18
0.000119 200
0.017266 18
0.000036 12
0.000016 18
0.000017 154
0.000015 35
0.000014 13
0.000022 9
0.000008 11
0.009930 6
0.000343 24
0.000032 17
0.000014 13
0.000033 18
0.000004 77
0.000040 144
0.000030 11
0.011449 337
0.015091 6
0.000487 447
0.011250 487
0.009846 18
0.000051 12
0.000029 17
0.000025 143
0.000044 20
0.000021 132
0.000031 125
0.000051 11
0.012079 18
0.000035 12
0.000017 15
0.000028 144
0.000008 11
0.000307 6
0.000128 12
0.000158 12
0.000217 251
0.015801 18
0.000058 11
0.000030 17
0.000032 103
0.000030 111
0.000015 11
0.000017 6
0.000084 12
0.000678 12
0.000016 322
0.011358 123
0.016747 18
0.000051 18
0.012700 18
0.000038 18
0.014197 18
0.082694 18
0.000088 18
0.326555 18
0.011053 18
0.018464 6
0.000036 12
0.013192 6
0.000004 12
0.014781 18
0.014779 18
0.015070 6
0.000038 12
0.014738 18
0.014886 18
0.015131 18
0.000048 18
0.014542 6
0.000031 12
0.014860 6
0.000034 12
0.063377 6
0.000055 12
0.000096 18
0.000537 18
1.716731 229
0.000519 2048
0.000159 1254
0.000038 6
0.000075 37
0.025978 32
0.001229 3950
0.055375 32
0.000085 36
0.000139 2048
0.000048 1368
0.000055 8
0.000026 7
0.000008 7
0.000049 51
0.000619 399
0.000009 6
0.000013 12
0.000011 7
0.000009 6
0.000011 12
0.097633 3945
0.000030 6
0.000016 12
0.000013 7
0.000009 6
0.000011 12
0.206347 3525
0.000051 51
0.000847 434
1.451574 22
0.066944 23
0.066430 25
0.133117 26
0.105901 23
2.109700 68
0.000146 2048
0.000139 1392
0.000798 8
0.000007 446
0.000009 6
0.000022 38
3.125381 68
0.000099 1985
0.000015 8
0.000037 7
0.000031 7
0.000004 15
0.000366 757
0.000009 6
0.000012 12
0.000010 8
0.000008 6
0.000013 12
5.696567 2818
0.032248 68
0.000247 2048
0.000005 137
0.000407 482
0.000009 6
0.000012 12
0.000010 8
0.000009 6
0.000011 12
0.028374 68
0.000107 2048
0.000017 231
0.000004 8
0.000026 7
0.000032 7
0.000003 5
0.000393 276
0.000010 6
0.000012 12
0.000011 8
0.000009 6
0.000013 12
0.022201 68
0.000139 2048
0.000100 185
0.000434 572
0.000010 6
0.000013 12
0.000019 26
0.021862 68
0.000229 2048
0.000005 392
0.001056 391
0.000014 6
0.000014 12
0.000013 8
0.000009 6
0.000011 12
0.024080 68
0.000111 2048
0.000018 419
0.000027 7
0.000035 7
0.000003 5
0.000495 429
0.000039 44
0.022677 3353
0.039728 68
0.000189 2848
0.000068 8
0.000004 29
0.000701 511
0.000017 6
0.000005 12
0.000020 8
0.000005 18
0.030638 32
0.000042 36
0.000817 3465
0.111522 3554
0.120136 68
0.000131 2048
0.000092 1014
0.000583 399
0.000009 6
0.000012 12
0.000011 8
0.000008 6
0.000011 12
0.039356 32
0.000029 36
0.000135 2048
0.000378 1015
0.000896 405
0.000012 6
0.000012 12
0.000012 8
0.000008 6
0.000011 12
2.453719 3209
0.000290 2995
1.792573 32
0.000051 36
0.000043 36
0.000014 8
0.000032 7
0.000009 7
0.000058 207
0.000553 2048
0.000073 312
0.000013 6
0.000025 38
0.017853 68
0.000128 1929
0.000005 8
0.000037 7
0.000045 7
0.000005 6
0.000594 745
0.000006 44
0.025861 32
0.000168 36
0.000007 2048
0.000560 1064
0.027176 68
0.000159 2048
0.000075 306
0.000056 22
0.000003 16
0.000414 854
0.000009 6
0.000012 12
0.000011 8
0.000009 6
0.000011 12
0.022037 68
0.000168 2048
0.000105 498
0.000004 6
0.000438 400
0.000009 6
0.000012 12
0.000010 8
0.000009 6
0.000010 12
0.020845 3083
0.021529 68
0.000138 2048
0.000018 548
0.000004 8
0.000088 14
0.000004 16
0.000456 754
0.000010 6
0.000012 12
0.000011 8
0.000008 6
0.000011 12
0.021377 68
0.000011 2048
0.000015 624
0.000015 8
0.000039 7
0.000009 7
0.000057 16
0.000505 825
0.000024 44
0.020967 32
0.000035 36
0.000192 2048
0.000012 768
0.000866 918
0.029321 3047
0.001046 780
0.063940 3848
0.045502 3098
0.000045 7
0.000008 7
0.000083 16
0.001058 695
0.000024 44
0.066367 68
0.000457 2048
0.000066 991
0.000079 14
0.000004 16
0.000829 693
0.000011 6
0.000012 12
0.000011 8
0.000008 6
0.000010 12
0.053525 68
0.000194 2048
0.000060 1005
0.000009 7
0.000584 16
0.000006 676
0.000009 6
0.000012 12
0.000011 8
0.000009 6
0.000011 12
0.069681 32
0.000032 36
0.001117 3882
0.086519 4019
0.131139 4095
0.000021 70
0.131895 4095
0.000144 138
0.148626 68
0.001192 4095
0.000057 183
0.107731 32
0.001102 4095
0.000176 224
0.046654 4095
0.000015 258
1.891625 4095
0.000055 597
2.500630 32
0.000048 36
0.000199 2048
0.000191 147
0.000020 8
0.000047 7
0.000008 7
0.000056 16
0.000947 676
0.000421 6
0.000020 12
0.000012 8
0.000009 6
0.000011 12
1.828330 32
0.000030 36
0.000217 2048
0.000016 551
0.000018 8
0.000620 819
0.031285 32
0.001904 36
0.000279 2341
0.000017 20
0.000601 560
0.000005 14
0.000004 12
0.020101 68
0.000180 2217
0.000100 6
0.000494 769
0.025338 32
0.000005 36
0.000734 2274
0.000899 817
0.025386 3308
0.021803 68
0.000178 2048
0.000057 783
0.000008 7
0.000070 6
0.000516 568
0.000010 12
0.000003 8
0.000015 18
0.049581 3535
0.026777 32
0.000042 36
0.000154 2048
0.000010 661
0.000015 8
0.000041 7
0.000008 7
0.000062 6
0.000924 762
0.000038 6
0.000016 12
0.000014 8
0.000010 6
0.000011 12
0.058656 3680
0.151341 32
0.001260 4095
0.000042 38
0.181924 68
0.000315 2048
0.000671 1289
0.000276 750
6.315973 3147
2.320060 32
0.000109 36
0.000040 36
0.000015 8
0.001203 3132
1.044242 6
0.000038 12
0.000019 3
0.000037 6
0.000012 12
0.000117 3
0.000061 21
0.000030 21
0.010964 21
0.000036 21
0.000032 21
0.000080 23
0.026213 24
0.000051 22
0.025011 22
0.000033 25
0.000121 161
0.000164 211
0.018472 18
0.000014 168
0.000072 105
0.000134 75
0.024570 18
0.000045 6
0.000022 12
0.026736 18
0.024502 18
0.000069 18
0.034732 18
0.000031 18
0.000023 18
0.000052 18
0.667892 18
0.029015 18
0.021694 6
0.000032 12
0.017142 18
0.013428 6
0.000032 12
0.016514 18
0.012399 18
0.009414 18
0.093702 18
122.275080 18
0.000027 4
0.028639 18
0.000172 5
0.029574 23
0.000656 18
0.000026 7
0.051232 6
0.000052 20
0.110989 6
0.000364 12
0.000006 5
0.000675 23
0.043406 6
0.000040 17
0.000020 6
0.000011 12
0.000012 5
0.000033 23
0.000029 23
0.044315 23
0.000036 23
0.000020 6
0.000568 17
0.000058 25
0.127067 25
1.094414 6
0.000075 12
0.000217 75
0.036371 6
0.002324 137
0.000020 6
0.000080 12
0.000051 331
0.035103 175
0.000067 68
0.000058 67
0.000054 50
0.073583 97
0.000024 6
0.000022 12
0.000041 103
0.000086 147
0.000059 70
0.088633 141
0.000101 234
0.000020 6
0.000016 12
0.000037 52
0.000074 184
0.022526 156
0.000024 6
0.000019 12
0.000038 52
0.000084 165
0.000019 6
0.000053 70
0.028674 118
0.741139 120
0.036600 6
0.000116 12
0.040325 18
0.048241 6
0.000033 12
1.029470 6
0.000007 12
0.000063 8
0.187822 23
1.189649 18
0.000031 5
0.044510 6
0.000088 19
0.062327 18
0.000089 6
0.107586 26
0.333822 6
0.000029 12
0.000019 5
0.022095 18
0.000027 7
0.029377 18
0.000108 427
0.022608 18
0.004962 271
0.017579 6
0.000802 450
0.037877 444
1.178665 22
1.945696 2913
0.136704 32
0.000044 36
0.000349 2048
0.000231 553
0.000025 8
0.000036 7
0.000607 593
0.959082 18
0.000046 4
0.020906 18
0.000242 417
0.013856 6
0.000112 12
0.000068 182
0.000025 6
0.000076 12
0.000064 356
0.013830 6
0.001004 430
0.007983 262
0.017520 18
0.007246 18
0.011644 18
0.014924 18
0.014286 6
0.000029 12
0.014712 18
0.102723 18
14.583530 18
0.000030 4
0.237539 18
0.000032 5
0.140225 6
0.000095 19
0.169927 18
0.000034 8
0.615286 18
0.000029 5
0.029415 23
0.029522 18
0.000029 7
0.986164 18
0.000292 7
0.035811 23
0.000131 73
0.051202 6
0.000134 12
0.000278 411
0.266470 18
0.000264 186
0.122210 97
0.001041 6
0.000369 216
0.046895 18
0.000249 456
0.031503 6
0.000100 12
0.000068 138
0.000081 6
0.000068 12
0.000218 185
0.034205 6
0.000068 12
0.000130 50
0.000020 6
0.000046 12
0.000068 92
0.415290 6
0.001277 114
0.035363 18
0.495905 18
0.414776 18
0.188219 18
16.086679 18
0.021792 18
0.014499 18
0.014685 18
0.014862 18
0.014806 18
0.014828 18
0.014655 18
0.015186 18
0.021684 18
0.000191 18
0.059714 18
0.097451 18
0.687682 26
0.029489 23
0.014873 23
0.022554 25
0.222671 26
0.028984 23
0.846286 23
0.028344 24
0.029388 18
0.059443 18
0.155330 18
0.114234 18
0.190149 26
0.029648 23
0.044404 23
0.229247 23
0.037104 23
0.062710 24
0.338912 26
0.013508 23
0.022099 23
0.014912 25
0.014754 6
0.000494 18
0.021121 6
0.000068 20
0.030014 6
0.000327 12
0.000005 5
0.043327 24
0.000023 6
0.000012 12
0.000012 6
0.000059 25
0.654804 149
0.009891 18
0.000406 271
0.018893 6
0.000139 12
0.000075 438
0.049110 6
0.000069 12
0.000061 93
0.003291 388
0.479823 435
0.014174 18
0.000110 499
0.013972 6
0.000038 12
0.001515 27
0.000026 6
0.000126 12
0.000077 417
0.013266 6
0.000084 12
0.000065 168
0.000080 105
0.000060 45
0.000065 72
0.014484 18
0.000032 18
0.000028 18
0.000026 18
0.022018 18
0.000031 18
0.000025 18
0.000026 18
0.029452 18
0.000028 18
0.000026 18
0.000027 18
0.140974 23
0.000036 25
0.000019 6
0.000017 16
0.000021 6
0.000017 16
0.014544 22
0.000024 6
0.000012 12
0.000012 4
0.000031 23
0.000030 26
0.009896 23
0.000033 23
0.000030 23
0.000031 25
0.012709 26
0.000034 23
0.000030 23
0.000028 23
0.008197 23
0.000035 23
0.000032 23
0.000032 23
0.013134 23
0.000045 23
0.000031 23
0.000031 23
0.014910 23
0.000024 6
0.000012 12
0.000011 5
0.000033 23
0.000031 25
0.010247 26
0.000036 23
0.000019 6
0.000018 17
0.000019 6
0.000018 17
0.009894 18
0.000023 5
0.000068 6
0.000005 12
0.000069 55
0.038982 6
0.000130 12
0.000374 411
0.012137 18
0.000116 186
0.024202 6
0.002501 91
0.000022 6
0.000068 12
0.000050 204
0.010434 6
0.000112 12
0.000195 456
0.013189 174
0.002088 6
0.000242 12
0.000218 171
0.012650 118
0.014173 6
0.000236 114
0.027419 18
0.014369 6
0.000046 12
0.025345 18
0.000033 6
0.000014 12
0.010249 18
0.039811 18
0.000024 6
0.000033 12
0.000261 6
0.000013 12
0.020540 18
0.000037 18
0.062272 18
0.000158 18
8.919012 267
0.000038 128
0.544993 6
0.000815 45
0.009650 416
1.009906 6
0.005513 65
0.002251 70
1.017933 9
0.359475 19
0.525516 19
0.718049 1
0.149045 1
0.134921 1
0.604163 11
0.411211 7
0.911385 2
0.000034 9
0.004131 8
0.000042 62
0.610567 13
1.177574 4
0.515592 4
0.014121 4
0.030376 4
0.030693 4
0.028895 4
0.031601 4
0.053840 4
0.005177 4
0.029930 4
0.029543 4
0.033262 4
0.037095 4
0.020106 1
0.034830 1
0.026590 1
0.028423 1
0.031122 1
0.028748 1
0.029629 1
0.507463 9
0.230960 19
0.858782 1
0.131704 1
0.130287 1
0.559276 11
0.437866 7
1.809987 11
0.004963 93
0.029599 26
4.107461 2
0.165660 13
0.383940 98
0.089747 173
0.034618 72
0.309030 97
0.045372 156
0.063166 58
0.075461 205
0.153549 104
0.084784 58
0.173358 215
0.027878 104
0.090681 37
0.131045 240
0.004226 87
0.022181 263
0.023081 362
0.076422 141
0.003113 87
0.032829 146
0.000343 87
0.030969 146
0.114600 228
0.015560 257
0.000369 87
0.019140 152
0.038674 258
0.000075 84
0.000125 85
0.000030 91
0.000024 2
0.000038 87
0.061630 88
0.000190 361
0.007027 526
0.000242 72
0.000028 94
0.000016 2
0.000305 72
0.000019 48
0.024746 75
0.000064 82
0.012814 223
0.000432 303
0.037556 170
0.002462 172
0.056054 344
0.000738 104
0.000021 68
0.000422 172
0.002576 172
0.000021 104
0.000224 68
0.000245 104
0.501266 36
0.501357 36
0.607620 36
0.530708 36
0.501182 36
0.083413 169
0.003642 66
0.080203 109
0.503011 85
0.071448 231
0.006224 320
0.015835 50
0.000311 37
0.007827 52
0.000504 37
0.000206 103
2.364002 29
0.009002 29
0.013097 29
0.049731 58
0.015486 58
0.004862 58
0.001479 58
0.644018 30
0.140894 60
0.155289 30
0.003584 30
0.010857 60
0.005120 60
0.037046 120
0.033994 120
0.064628 60
0.014591 60
0.001637 60
0.001494 60
0.003101 60
0.000259 60
0.001462 60
0.001106 60
0.038666 60
0.026151 60
0.054797 60
0.034515 60
0.010719 60
0.003512 60
0.000949 60
0.181008 60
0.002766 30
0.182202 33
0.032671 29
0.015667 64
0.018303 64
0.035534 66
0.119655 34
0.003106 106
0.245750 47
0.004011 12
0.005607 66
0.000058 103
0.009295 13
0.400051 151
0.075533 103
0.584076 74
0.059285 259
0.144612 22
0.000475 4
0.089378 26
0.093379 26
0.084612 26
0.085168 26
0.084522 26
0.083324 26
0.082396 26
0.087948 26
0.100274 160
0.006820 37
0.091774 38
0.022172 53
2.175761 74
0.000011 28
0.027907 78
0.002486 83
0.000007 8
0.000020 62
103.655984 6
0.446980 9
0.344836 9
0.567988 1
0.137866 1
0.126029 1
0.590030 11
0.454781 7
0.059304 7
0.670889 11
0.002716 75
0.000516 50
0.001469 486
2.090913 45
0.002737 5
0.005012 21
0.000023 67
0.000028 146
0.000020 120
0.000129 89
0.001232 101
0.000082 95
0.000024 35
0.000034 13
0.000033 104
0.000034 125
0.000048 152
0.000020 35
0.000029 13
0.000020 37
0.000022 128
0.000050 85
0.000027 61
0.000021 108
0.000022 182
0.000021 59
0.000019 70
0.000023 196
0.000021 219
0.000024 193
0.000018 20
0.000016 4
0.000015 11
0.000018 12
1.131322 18
0.000231 5
0.021961 21
0.000039 23
0.013742 18
0.000047 5
0.021721 6
0.000008 12
0.000019 7
0.015081 18
0.000026 7
0.021921 18
0.000026 4
2.026868 395
0.555828 51
0.010380 77
0.000274 333
0.000015 6
17.229316 72
0.002377 70
1.384542 10
0.373218 20
0.600381 9
0.345661 9
0.316525 19
0.382391 19
0.616141 1
0.160127 1
0.156004 1
0.656362 11
0.294322 7
0.137079 7
0.518712 2
0.002621 9
0.002414 70
0.529734 14
0.368461 40
0.317601 20
0.807128 1
0.145570 1
0.126308 1
0.665193 11
0.184986 7
0.224550 7
0.763366 2
0.000037 9
27.983810 1
0.055981 1
0.212606 1
0.156491 1
0.216222 2
0.514789 2
0.214950 2
92.716748 2
0.000233 111
14.508720 7
0.404972 21
0.460890 40
0.969954 11
0.005493 8
0.000031 54
0.000026 7
0.000008 6
0.000688 29
0.000021 23
0.000009 6
0.000042 8
0.000010 22
0.000008 4
0.000008 6
0.000515 3
0.000019 97
0.000008 6
0.000026 6
0.000011 27
0.000010 82
0.000460 1370
4.202973 32
0.000004 12
0.000346 36
0.114241 6
0.000751 16
0.119497 100
0.135207 84
0.119149 117
0.132106 95
0.130566 107
0.131525 101
0.131391 49
0.131265 41
0.132630 23
0.122822 6
0.000096 126
0.135232 65
0.110939 149
0.150322 49
0.116791 67
0.138774 87
0.280527 214
0.257946 237
0.199442 178
0.135497 6
0.000847 192
0.128117 18
0.000107 122
0.148601 18
0.000036 16
0.000129 15
0.000019 176
0.000009 6
0.139364 18
0.000039 16
0.000020 15
0.000018 164
0.000014 54
0.000009 11
0.363964 6
0.000091 92
0.159530 6
0.000147 112
0.261841 317
0.193105 18
0.000039 16
0.000019 15
0.000047 61
0.000024 225
0.000009 11
0.196086 6
0.000926 319
0.122167 155
0.110109 98
0.149112 74
0.096292 18
0.160438 18
0.152544 18
0.139102 18
1.955848 38
0.000565 5
0.000104 14
0.000008 7
0.000008 7
0.000007 7
0.000008 7
0.000007 8
0.000008 8
0.000007 8
0.000008 8
0.000007 8
0.000007 8
0.000008 7
0.000006 12
1.489045 6
0.000381 12
0.014030 6
0.000045 12
0.014435 6
0.000025 12
0.015030 6
0.000037 12
0.014549 18
0.014848 6
0.000020 12
0.009496 6
0.000035 12
0.012977 6
0.000029 12
0.014130 18
0.000044 18
0.011347 6
0.000034 12
0.010746 18
0.062446 18
0.023014 6
0.000022 12
0.036240 6
0.000003 12
0.057759 18
0.852303 605
19.563294 14
0.001008 370
0.453510 48
0.008920 222
0.000047 187
0.652139 6
0.000132 14
0.000024 44
0.000004 8
0.000288 8
0.000006 62
1.304689 10
0.545955 21
0.695315 2
0.000018 9
4.126747 2
0.458195 2
0.488500 71
16.301376 1
0.118326 1
0.202826 1
0.176976 1
0.941847 112
1.807035 1
0.085799 1
0.281331 1
0.124095 1
0.491687 11
0.000010 4
0.001832 2
