0.023205 70
0.933608 6
0.432580 15
1.287886 11
0.010274 133
0.000066 40
0.001148 3
0.001252 1286
1.255603 141
0.835982 9
0.448001 19
1.165244 15
0.376034 19
0.338897 15
0.331149 51
0.437526 44
0.310396 44
0.207488 56
0.375544 21
0.441923 54
0.182148 19
0.298866 22
0.805995 19
0.500254 22
0.032899 21
0.026993 24
0.030835 46
0.030824 44
0.031315 44
0.027752 61
0.037137 19
0.028774 15
0.023926 19
0.047879 15
0.014324 12
0.032114 1
0.026906 1
0.029815 1
0.028448 1
0.030103 1
0.188826 1
0.000520 1
0.029247 1
0.030812 1
0.029433 1
0.351999 9
0.342567 19
0.416235 15
0.327564 19
0.353788 15
0.335179 51
0.772362 61
1.378417 4
0.501116 4
0.030126 4
0.030629 4
0.030010 4
0.029730 4
0.029124 4
0.037182 4
0.023560 4
0.030229 1
0.029536 1
0.030686 1
0.029176 1
0.029716 1
0.030639 1
0.031094 1
0.029022 1
0.031184 1
0.028617 1
0.586726 1
0.123950 1
1.021677 1
0.070030 1
0.495296 1
0.608261 1
0.620895 1
0.630898 1
0.975203 1
0.286473 1
0.348596 1
1.855644 1
0.119041 1
1.121787 11
0.003105 8
0.000352 62
1.713986 1
0.423644 1
1.616637 1
0.425177 1
0.620764 1
0.092913 1
1.641478 11
0.005880 19
2.025294 19
1.196679 2
0.000426 60
0.000092 8
0.000657 62
1.772181 1
0.075796 1
0.150857 1
0.121117 1
2.180561 11
0.000849 6
