0.023341 90
8.996296 2
0.199967 2
0.142319 2
0.744567 4
0.143227 4
0.121794 4
0.111942 1
0.111724 1
0.856488 1
0.145927 1
0.197017 1
0.095748 1
0.259383 1
0.106739 1
2.313709 2
0.000008 9
0.005963 35
4.259003 2
0.035304 46
0.000642 90
3.928487 6
0.716590 1
0.950660 3
0.387304 11
0.036463 60
152.800496 1
0.457785 1
0.502016 1
0.086881 1
0.099241 1
1.534443 1
0.757962 1
5.782960 1
0.073598 1
0.689540 1
0.482428 1
1.740221 1
0.129072 1
0.299813 1
0.342325 1
0.219816 1
0.614923 1
0.153851 1
0.308823 1
0.237964 1
1.653452 1
3.864745 11
0.005816 60
0.824798 1
0.039719 1
0.629609 1
0.965099 1
0.230132 1
0.871160 1
0.878355 2
1.420771 1
0.307749 1
0.211200 1
0.101152 8
1.557929 11
0.000611 88
22.416589 1
0.089547 1
0.196979 1
0.346178 1
0.092865 1
0.747300 1
0.493632 1
0.135284 1
0.440349 1
0.207269 1
0.315545 1
0.084723 1
1.337196 1
0.359779 1
0.223784 1
0.479281 4
0.240211 1
0.085956 1
2.664381 11
0.002932 88
15.344563 1
0.050337 1
0.905178 1
0.046477 1
3.088463 1
0.428412 1
0.218849 1
0.075305 1
0.240164 1
0.221989 1
0.220991 1
0.134392 1
0.602877 1
0.255565 1
0.464095 1
0.395470 1
0.208439 1
0.048402 1
0.231474 1
0.074526 1
0.610602 11
0.017695 75
0.001888 88
15.314743 1
0.064939 1
1.460466 1
0.055132 1
1.627162 1
0.634264 1
1.156755 1
0.275676 1
0.309916 1
0.309342 1
0.099870 1
0.247768 1
0.061899 1
1.215771 1
0.201888 1
0.113968 1
0.168203 1
0.681994 8
1.751819 11
0.001980 88
14.554219 1
0.099870 1
0.361151 1
0.205702 1
0.382076 2
0.700405 4
0.214158 4
0.320659 4
0.890833 1
1.301341 1
0.311983 1
0.342803 1
0.583286 1
0.995784 1
0.614784 1
0.112852 1
0.214730 1
0.105522 1
0.211449 1
0.255949 1
0.134552 1
0.534035 1
8.799425 11
0.041686 88
25.233151 1
0.114700 1
0.231984 1
0.108679 1
0.898897 4
0.154327 4
0.413060 1
0.105375 1
0.202343 1
0.386266 1
0.875804 1
0.076703 1
0.258018 1
0.497881 1
0.306784 1
0.194218 1
0.266553 1
0.144038 1
0.280634 1
0.189984 1
0.193171 1
0.074087 1
0.235080 1
0.092534 1
0.430624 1
3.200656 11
0.037547 88
1.104311 1
0.224396 1
0.067286 1
0.286131 1
0.336382 1
0.538863 1
0.146404 1
1.278096 1
0.481462 1
1.298582 1
0.720133 1
2.407442 1
0.166036 1
0.293245 1
0.627483 1
0.119578 1
0.314603 1
0.098681 1
0.157679 1
0.279997 1
0.173209 1
0.250718 1
0.201770 1
0.167566 1
0.275036 1
0.463259 4
0.134020 1
0.087756 1
0.198123 1
0.118041 1
2.022153 11
0.019429 88
0.634108 28
0.844962 1
0.529334 11
0.014010 88
24.003706 1
0.135624 1
0.934925 1
0.189892 1
0.224740 1
1.103563 1
1.142345 1
0.582759 4
0.160067 4
0.288332 1
0.910113 1
0.569913 1
0.131344 1
0.220780 1
0.137355 1
0.422076 4
3.594016 1
3.456653 1
0.470119 1
0.102298 1
0.089980 1
0.520166 4
0.182287 1
0.427969 1
0.470291 7
0.497966 11
0.001796 88
16.551501 1
0.092970 1
0.154788 1
0.289631 1
0.157569 1
0.157888 1
0.695478 1
0.602837 1
0.168323 1
0.322036 1
0.356669 8
2.334224 11
0.002873 61
0.000136 189
0.000628 88
3.522040 18
0.421595 1
0.500364 1
0.029376 1
0.030220 1
0.030605 1
0.030949 1
0.030201 1
0.029173 1
0.029682 1
0.030457 1
0.030988 1
0.030433 1
0.029049 1
0.031451 1
1.133874 3
0.347127 5
0.439428 11
0.003006 60
0.000327 8
0.000015 80
35.829678 2
0.065245 2
0.308441 4
0.172291 4
0.595914 1
0.131852 1
0.889822 1
0.104367 1
0.302804 1
0.142443 1
1.766209 1
0.901603 1
0.673066 1
1.043241 1
0.495339 1
0.110973 1
0.284086 1
0.406458 8
0.484882 11
0.002697 88
26.561492 1
0.071652 1
0.179938 1
0.175135 1
0.204960 1
0.305904 1
0.693215 1
0.134094 1
0.673125 4
0.117545 1
0.602352 1
0.055966 1
2.179604 1
1.473039 11
0.035902 2
1.577979 1
0.103207 1
0.384022 1
0.965669 1
0.535091 1
0.320850 1
0.241315 1
0.194764 1
0.161320 1
0.119145 1
1.192877 3
0.500183 3
0.029748 3
0.030731 3
0.030320 3
0.177814 3
0.890976 1
0.162901 1
0.167007 1
0.440912 1
1.179194 7
0.164812 3
0.940028 1
0.192085 1
0.222778 1
0.073128 1
0.958828 1
0.342003 1
0.074603 1
0.126020 1
6.048178 2
0.021167 80
0.000186 57
0.001474 83
0.000286 1975
0.003202 100
0.000018 15
0.000563 2032
3.576340 358
2.225799 45
0.736912 1
0.316715 1
0.000419 29
0.731930 1
0.101151 1
0.001278 1
0.041812 1
0.112858 1
0.259403 15
0.364436 1
0.016174 1
0.096228 1
0.057881 1
0.056587 1
0.327185 15
0.451228 110
0.175473 23
0.000291 40
0.596134 23
0.000406 38
0.143355 23
0.000365 38
0.475032 23
0.000459 38
0.202574 47
0.282135 23
0.000528 38
0.146252 23
0.000614 38
0.518458 56
0.000421 41
0.122744 56
0.000426 40
0.306977 56
0.000992 39
0.145870 56
0.000318 38
0.131845 56
0.000359 48
0.104029 78
0.145715 78
0.847310 23
0.000273 42
0.247177 56
0.000370 41
0.145984 56
0.000590 40
0.125287 56
0.000793 39
0.115514 56
0.000512 38
0.125837 56
0.000466 48
0.765735 27
0.178328 21
0.000355 37
0.001514 22
0.000014 23
0.006672 27
0.492463 305
0.117536 43
0.345984 27
0.115169 59
0.030524 42
0.496631 27
0.198472 478
0.067808 27
0.034732 21
0.000441 37
1.171140 47
0.367447 46
0.092480 22
0.100254 55
0.436528 22
0.100266 55
0.530547 22
0.100300 55
0.115010 22
0.100314 54
0.175658 46
0.223261 47
0.429795 22
0.100298 55
1.527171 45
1.146797 83
1.287901 22
0.000376 37
0.454207 45
23.244367 21
0.000125 171
5.625407 31
0.381621 31
0.125016 31
0.379700 40
0.701229 119
0.132409 38
0.125752 38
0.124249 38
0.106193 115
0.118404 1
1.260291 31
0.456221 31
0.143935 31
0.483055 38
0.117475 31
0.247139 40
1.471556 31
0.344869 31
0.171816 31
0.068151 31
0.369137 40
1.546937 31
0.415586 31
0.319080 31
0.276067 31
0.532815 32
0.647323 41
3.776553 31
0.108945 31
0.265481 31
0.417076 38
0.876940 31
0.061625 31
0.651944 40
4.224622 31
0.398418 31
0.093040 31
0.162357 31
0.135643 32
2.831672 41
0.602329 31
0.404024 31
0.588933 31
0.087571 31
7.925371 40
0.832006 31
0.191051 31
0.385541 31
0.116771 31
2.283772 40
0.434889 31
0.230385 31
0.075673 31
1.369912 40
1.702645 31
0.074096 31
0.136087 31
12.882347 42
1.071004 32
0.500637 32
0.153823 32
0.106269 32
4.485845 33
0.805944 41
1.420245 32
0.759477 41
1.288770 32
0.738562 41
2.143538 32
0.583541 41
0.892291 42
0.640731 120
6.197758 40
0.100138 17
0.000320 63
1.055893 47
0.940749 1
0.073574 1
0.595510 21
0.000188 12
0.030871 82
0.000225 76
0.001392 2
3.357987 4
0.246881 2
0.000009 23
0.000026 2
0.117666 2
0.000258 2
0.948372 4
0.388614 4
0.328534 4
0.307804 4
0.406745 4
0.231236 4
0.141197 4
0.449621 3
0.499796 3
0.030945 6
0.030249 3
0.029579 3
0.030584 6
0.028082 3
0.030632 3
0.031846 6
0.031952 3
0.030056 3
0.029595 6
0.030734 3
0.031195 3
0.030126 6
0.030061 3
0.030529 3
0.031092 6
0.031514 3
0.030010 3
0.030286 6
1.112264 2
0.094355 2
0.198897 2
0.547467 3
0.218389 3
0.112957 3
1.168533 4
0.618636 3
0.103930 3
0.172516 6
0.814754 1
0.061712 1
0.219569 1
0.682445 1
0.568664 1
0.093720 1
0.331319 1
0.194163 1
0.170764 1
0.070976 1
1.005454 1
1.150072 1
0.098727 1
0.118617 1
1.066294 2
0.021209 80
0.000362 59
0.001534 83
0.000445 1533
0.002662 115
0.000637 1574
24.863622 45
0.766288 1
0.086427 1
0.208224 33
0.005730 158
0.001259 2
2.380884 1
0.257148 1
5.219928 1
2.068668 1
0.521290 1
0.120176 1
0.217685 1
0.182099 1
0.185800 1
0.078046 1
1.472927 1
0.699213 3
0.599486 1
0.237355 1
0.088049 1
0.106934 1
0.302614 2
0.001823 98
0.000241 2
67.673374 1
0.233469 1
0.267895 1
0.113729 1
0.551146 2
0.002647 88
20.886669 1
0.070170 1
0.501199 1
0.345558 1
0.116781 1
1.199990 1
0.735856 1
0.170647 1
0.203675 1
4.135193 1
0.268137 1
0.153504 1
0.204645 1
0.217401 1
0.186104 1
0.077978 1
0.886066 1
0.581808 1
0.119870 1
0.125934 1
0.994215 11
0.002520 88
14.330698 1
0.333396 1
0.079501 1
0.127030 1
0.346734 1
3.062036 11
0.000045 94
2.391805 1
0.085799 1
0.302734 1
0.106105 1
0.355281 1
1.388853 1
0.226674 1
0.267653 1
0.241956 1
0.169521 1
0.229798 1
0.089904 1
0.511840 1
0.219955 1
0.107799 1
0.132166 1
0.440066 11
0.003134 61
0.000480 88
19.110712 16
0.289940 24
1.512404 1
0.608685 1
0.200657 1
0.231022 1
0.873794 1
4.478456 11
0.000018 8
0.000056 80
14.125891 1
0.108141 1
0.186878 1
0.265840 1
0.129942 1
1.265149 1
0.232287 1
0.052689 1
0.631253 1
1.307091 1
0.165353 1
0.757366 1
0.122082 1
0.439405 4
0.612188 1
0.378607 1
1.498652 1
0.157843 1
0.091352 1
1.981564 11
0.002342 88
1.887124 1
0.754397 1
0.515985 1
0.810408 1
0.096667 1
0.802055 1
0.387901 1
0.157210 1
0.322758 1
0.765295 1
0.519354 4
0.119951 4
0.181015 4
0.255260 4
0.492929 1
0.169800 1
0.282755 1
0.115349 1
0.762044 1
0.109198 1
0.420452 1
1.549495 11
0.002790 88
0.816928 1
0.651088 1
0.380607 1
0.053735 1
0.281486 1
0.412601 11
0.002798 217
0.000308 88
38.357172 1
0.224455 1
0.074831 1
0.160617 1
0.294541 1
1.221171 1
0.514571 1
0.374978 1
0.180605 1
2.939212 4
0.459421 4
0.182210 4
0.768912 1
0.296996 1
0.186898 1
0.721084 4
0.171012 4
0.612317 1
0.196809 1
0.442340 1
2.389720 11
0.000082 8
0.000008 80
28.956234 1
0.182714 1
0.204369 1
0.274109 1
0.262727 1
0.719051 1
0.419068 1
0.139953 1
0.178659 1
0.096101 1
2.011270 1
1.088559 1
0.784905 1
0.176658 1
0.096873 1
2.342419 11
0.002452 88
0.995021 1
0.130246 1
0.773389 1
0.521996 1
0.301661 1
1.153503 1
1.122628 1
0.461027 1
0.122414 1
0.524854 1
0.204088 1
0.089134 1
0.197800 1
0.621010 1
0.550129 1
0.434547 1
0.876170 4
3.614423 1
0.344378 1
0.124913 1
0.120469 1
2.215826 11
0.002506 88
1.398623 19
0.216264 58
0.568353 1
0.221508 1
0.151434 1
0.099101 1
0.965404 13
0.050308 9
0.411465 13
0.338639 9
1.678197 11
0.001247 88
1.093437 15
0.371033 34
0.654891 1
0.173800 1
0.145967 1
0.112095 1
0.600030 1
0.156310 1
0.146906 1
0.137425 1
1.496532 1
0.176745 1
0.737080 25
0.275058 25
0.286925 25
0.927093 21
0.394898 21
0.112873 21
2.161506 11
0.002043 88
0.645808 19
0.200813 38
0.553708 1
0.156527 1
0.166063 1
0.345060 1
0.999635 13
0.062589 9
1.118364 11
0.002649 88
0.501345 15
0.205780 34
0.421208 1
0.138959 1
0.162639 1
0.879512 1
0.148097 1
0.418100 1
0.154709 1
0.132437 1
0.133397 1
0.165465 1
0.759963 25
0.154877 25
0.316877 25
0.734875 21
0.095201 21
0.433997 21
0.282771 11
0.002649 88
0.843477 19
0.370998 38
0.797471 1
0.177125 1
0.164671 1
0.064484 1
1.096438 13
0.091135 9
2.021553 11
0.002218 88
0.696236 15
0.172595 34
0.491185 1
0.500112 1
0.029331 1
0.225039 1
0.156452 1
0.127859 1
0.146250 1
0.122211 1
0.123066 1
0.321985 1
0.751827 25
0.184298 25
0.419457 25
1.050304 21
0.832221 21
0.086385 21
1.700170 11
0.001875 88
26.548306 19
0.324169 1
0.185890 1
0.586347 36
0.321898 1
0.128060 1
0.152873 1
0.323325 1
0.980446 13
0.058149 9
0.608743 11
0.002519 88
2.231931 1
0.090996 1
2.396694 4
0.424726 1
0.219356 1
0.347192 1
0.086872 1
1.087064 1
1.397811 1
0.427398 1
1.561288 1
0.279117 1
0.412429 1
1.604598 1
0.828948 1
0.769558 1
0.346654 1
2.344671 1
1.615805 1
0.481079 1
2.020607 1
0.504264 1
0.090704 1
0.187624 1
0.134664 1
0.648727 1
0.273915 1
0.346307 1
0.129062 1
0.108764 1
1.301915 11
0.007049 165
0.000460 88
16.530187 28
0.359389 1
0.500061 1
0.031038 1
0.030582 1
0.031295 1
0.028844 1
0.030221 1
0.029387 1
0.029554 1
0.031563 1
0.030615 1
0.030248 1
0.030569 1
0.029791 1
0.197499 1
1.028688 5
0.782751 11
0.002280 88
22.869437 27
0.309711 65
0.519967 68
0.492887 1
0.175876 1
0.118197 1
0.312590 1
1.032567 13
0.055096 9
0.702007 11
0.002565 88
2.209740 15
0.591894 42
0.424766 1
0.500132 1
0.029844 1
0.030126 1
0.030754 1
0.030429 1
0.031579 1
0.031241 1
0.028188 1
0.502616 1
0.185174 1
0.135661 1
0.127315 1
1.013964 1
0.215119 1
0.258198 1
0.821691 5
2.131420 3
0.472347 3
0.357730 3
1.003063 5
4.021460 3
0.285123 3
0.307894 3
0.709955 21
0.297095 21
0.446074 21
1.925725 3
0.214885 3
0.237803 3
0.214286 3
0.367715 3
0.182209 3
1.159990 13
0.009069 9
7.289839 11
0.002614 88
1.078728 30
0.532875 70
1.290042 1
0.175354 1
0.154156 1
0.075497 1
1.369762 13
0.075878 9
2.315871 11
0.001536 88
0.519489 15
0.305491 45
3.112026 1
0.500375 1
0.029684 1
0.030375 1
0.031646 1
0.029811 1
0.031106 1
0.030262 1
0.028253 1
0.032115 1
0.029020 1
0.030110 1
0.030386 1
0.029963 1
0.029315 1
0.029654 1
0.030374 1
0.030202 1
0.030923 1
0.288779 1
0.825739 5
0.126019 5
1.183000 5
0.103766 5
3.054391 3
0.259833 3
0.245699 3
0.414587 3
0.510857 5
1.572118 3
0.241696 3
0.252503 3
0.346383 3
0.252919 3
0.481774 3
1.120065 1
0.184168 5
0.231214 5
2.585730 24
0.314585 21
4.672744 3
0.174405 3
0.158017 3
0.095679 3
0.138044 3
0.127326 3
1.420127 13
0.069271 9
1.105868 11
0.002497 88
2.208242 27
0.383160 67
0.795888 1
0.156861 1
0.100458 1
0.156394 1
1.267487 13
0.108542 9
0.459216 11
0.002721 88
0.769439 15
0.724684 42
1.466176 1
0.499961 1
0.029098 1
0.029839 1
0.031418 1
0.029487 1
0.028150 1
0.030669 1
0.031266 1
0.028237 1
0.029866 1
0.030661 1
0.030508 1
0.029778 1
0.030718 1
0.029863 1
0.030059 1
0.784823 5
1.660880 3
0.234323 3
1.096135 3
0.429570 5
0.125525 5
0.831744 5
0.328311 3
0.283769 3
0.261395 3
1.512514 3
0.942540 1
0.127103 5
2.079661 5
0.507692 24
0.531493 21
2.666421 3
0.228912 3
0.189858 3
0.171930 3
0.170170 3
0.164387 3
1.383533 13
0.130561 9
0.494043 11
0.002648 88
189.926427 29
0.389918 69
0.591868 1
0.157900 1
0.091836 1
0.160499 1
1.767310 13
0.350097 9
0.768138 11
0.001554 88
1.052875 15
0.547522 44
0.718568 69
0.175944 42
0.420403 67
0.413604 45
0.283942 70
0.263032 42
0.273149 65
0.301722 68
0.180782 34
0.372578 38
0.642465 34
0.346975 1
0.137089 1
0.165963 1
0.140526 1
2.157604 13
0.394304 9
0.592990 1
0.501787 1
0.029816 1
0.030543 1
0.251238 1
0.192449 1
4.865711 25
0.178171 25
0.299167 25
0.559327 21
0.110026 21
7.957908 2
0.000015 9
0.001916 8
0.000108 80
48.185245 18
0.822843 57
0.269608 1
0.181247 1
0.247075 1
0.228320 1
0.381091 1
0.396026 3
0.761995 13
0.337006 9
0.112773 9
0.881571 11
0.002593 88
0.957138 16
0.136802 34
0.413027 1
0.213188 1
0.126615 1
0.072818 1
0.152178 1
0.145843 1
0.107579 1
0.139529 1
0.296190 1
0.161298 1
1.589482 25
0.123794 25
0.482400 21
0.248495 21
0.755892 21
0.343332 3
0.151450 3
0.118753 3
0.108009 3
0.282921 3
0.322394 3
0.519503 13
0.107806 9
0.207946 9
0.651101 11
0.002033 88
25.985953 20
0.467992 1
0.165373 1
0.131850 1
0.118914 1
0.904846 58
0.459153 1
0.166112 1
0.120155 1
0.134989 1
0.284629 1
0.902539 3
0.293753 13
0.090574 9
0.873998 11
0.002658 88
1.123240 16
0.129901 36
0.844508 1
0.188064 1
0.156243 1
0.157255 1
0.585510 13
0.336856 9
0.595786 1
0.499944 1
0.029423 1
0.029672 1
0.029597 1
0.030724 1
0.031914 1
0.030283 1
0.678521 3
1.501155 27
0.166163 27
0.364931 27
0.472361 23
0.093883 23
0.483350 23
2.723963 11
0.002665 88
20.106748 1
0.047614 1
1.577157 1
0.482487 1
0.361433 1
0.408734 1
1.295025 1
0.218111 1
0.184332 1
0.154731 2
1.917970 1
0.739530 1
0.500363 1
0.165078 1
0.116483 1
3.368467 1
0.542413 1
0.040903 1
0.210698 1
0.160816 1
0.885426 1
0.243334 1
0.851584 1
0.119472 1
0.105903 1
0.636172 1
0.456421 1
0.066121 1
0.183464 1
0.100257 1
0.723761 1
0.314652 1
0.249162 1
0.160527 1
0.095167 1
1.288378 1
0.611875 1
0.356329 1
0.235887 1
0.094958 1
0.886791 1
0.304585 3
0.314273 1
0.164427 1
0.084633 1
11.377277 1
0.642116 1
0.153376 1
0.182406 1
0.157047 1
0.742186 1
0.242416 1
0.370712 1
0.116952 1
0.120295 1
0.644613 1
0.576673 1
0.112017 1
0.173180 1
0.091262 1
0.798232 1
0.224728 1
0.495013 1
0.150801 1
0.087514 1
0.663143 1
0.547572 1
0.092169 1
0.298380 1
0.133496 1
1.030330 1
0.266897 1
0.553160 1
0.182058 1
0.078805 1
0.670513 1
0.588248 1
0.145297 1
0.184762 1
0.138144 1
0.739951 1
0.386432 1
0.282163 1
0.191739 1
0.088832 1
0.515332 1
0.354281 1
0.120103 1
0.172690 1
0.126644 1
2.445554 1
0.719095 1
0.250168 1
0.206172 1
0.074373 1
0.605889 1
0.513898 1
0.128311 1
0.158724 1
0.134021 1
0.760039 1
0.116868 1
0.759487 1
0.436033 1
0.147524 1
0.081761 1
0.849929 11
0.001677 609
0.000232 8
0.000035 80
130.229093 2
0.133841 2
0.403932 2
0.152228 2
0.158648 2
0.783631 4
0.500302 4
0.030322 4
0.031244 4
0.029812 4
0.029337 1
0.030101 1
0.030159 1
0.030285 1
0.030380 1
0.030599 1
0.031237 1
0.031048 1
0.027680 1
0.861489 1
0.096975 1
0.540143 1
0.113566 1
0.411107 1
0.822827 1
1.020777 1
0.555810 1
0.170535 1
0.182886 1
0.099405 1
0.223546 1
0.231354 1
0.137342 1
0.374466 1
1.285218 1
0.467062 1
0.083089 1
0.354045 1
0.094761 1
0.417867 1
0.194635 1
0.280229 1
4.609019 11
0.002737 88
2.169398 1
0.076738 1
0.367650 1
0.232095 1
0.112929 1
1.011938 1
0.422295 1
0.496923 1
0.486213 1
0.831104 1
0.585622 1
0.106716 1
0.217549 1
0.091587 1
0.307716 1
0.229385 1
0.367443 1
1.347134 1
0.973615 11
0.001936 88
19.291731 1
0.059349 1
0.316943 1
0.430121 1
0.174734 1
0.588958 1
0.683308 1
0.033551 1
0.715755 1
0.046290 1
0.400302 1
1.065923 11
0.010687 2
2.780461 1
0.080420 1
0.181744 1
0.370451 1
0.130228 1
0.235782 1
0.096491 1
0.436573 1
0.091467 1
0.126865 1
1.142472 4
1.202500 1
0.090384 1
0.249227 1
0.461715 1
0.193627 1
0.757401 1
0.595435 1
0.109572 1
0.604033 1
0.348726 1
0.116320 1
0.166946 1
0.078406 1
1.179839 1
0.735846 3
0.271977 1
0.377314 1
0.127557 1
0.105585 1
1.275531 2
0.001892 2
3.189341 1
0.144240 1
2.429038 3
0.342769 1
0.679791 1
0.125077 1
0.122681 1
1.196403 1
0.529174 1
0.119876 1
0.077240 1
0.450923 1
0.117906 1
0.174290 1
1.258704 2
0.002440 2
1.274456 1
0.077661 1
0.380962 1
0.087695 1
0.277803 1
0.374342 2
0.007130 139
0.000456 2
14.917228 1
0.590120 1
0.187988 1
0.116370 1
0.416643 2
0.002612 88
14.440921 1
0.273430 1
0.397468 1
0.133876 1
0.628179 11
0.000420 12
0.002290 90
5.079854 1
0.967699 1
0.160244 1
0.176774 1
0.429827 2
0.000015 9
0.000116 6
