0.025756 90
1.249368 4
0.445099 20
0.859793 61
0.799048 61
1.227987 4
0.499759 4
0.030399 4
0.030483 4
0.027705 4
0.032115 4
0.030423 4
0.029823 4
0.032461 4
0.029168 4
0.029838 4
0.031140 4
0.030904 4
0.030351 4
0.027212 4
0.030337 4
0.032230 1
0.030063 1
0.030454 1
0.027759 1
0.032502 1
0.029619 1
0.030357 1
0.640878 2
0.080620 2
0.340627 1
0.424148 4
0.240328 4
0.130688 4
0.117560 1
0.613619 1
0.070157 1
0.164160 1
0.358624 1
0.102785 1
1.468303 2
1.805512 1
0.334631 1
0.434696 6
1.141765 11
0.000131 112
9.149793 1
0.073199 1
1.040685 1
0.921871 1
0.123523 1
0.315512 1
0.274459 1
0.852353 4
1.444203 1
0.069022 1
0.488859 7
1.574767 1
0.145015 1
0.103822 1
1.188413 2
0.000007 9
0.000965 112
48.400862 1
0.043374 1
1.684523 20
1.641542 1
0.541065 1
0.067416 1
0.437051 1
0.629993 1
0.415292 1
0.138433 1
0.080331 1
0.686200 11
0.000933 112
9.186301 1
0.055475 1
0.322558 1
0.075115 1
0.348346 1
0.167031 1
0.125204 1
0.604314 1
0.579417 4
0.117059 4
0.138984 4
0.415151 4
0.825970 1
0.185059 1
0.830163 1
0.471033 1
0.115921 1
0.333992 1
0.645824 1
0.287841 1
0.139567 1
0.092973 1
1.633578 1
0.875296 1
0.117598 1
0.193497 1
0.356562 5
1.126926 1
0.102193 1
0.598163 7
0.835504 1
0.111418 1
0.099238 1
2.377080 11
0.002074 138
0.000171 8
0.000010 104
20.844228 1
0.062198 1
1.286985 1
0.490105 1
0.078846 1
0.859651 1
0.794371 1
0.118385 1
0.256886 1
0.963864 1
0.640432 1
0.242330 1
2.445328 2
1.783994 1
0.073958 1
1.224736 1
0.228475 6
1.466315 1
0.087203 1
0.653399 1
1.822583 2
0.000026 9
0.001402 112
1.021725 1
0.101756 1
0.534578 1
0.086203 1
1.056792 1
0.221202 1
0.815846 1
0.693769 1
1.324259 1
0.152632 1
0.641454 5
1.757065 1
0.094453 1
0.418639 1
0.298656 6
1.440662 1
0.089837 1
0.557764 1
2.286399 11
0.002733 75
0.000560 112
22.039701 1
0.035598 1
1.100108 1
0.489616 1
0.133648 1
1.245887 1
0.644465 1
0.110362 1
0.266720 1
0.782992 1
0.426546 1
0.051979 1
0.154155 1
1.628905 1
0.461913 1
0.127350 1
0.240362 1
0.514243 1
1.935964 11
0.002700 112
49.852101 1
0.052067 1
2.420766 1
0.809363 1
0.342825 1
1.184030 1
0.521744 1
0.102975 1
0.775399 1
0.086809 1
1.461748 11
0.002898 90
0.000433 8
0.000013 104
3.391293 1
0.088798 1
0.592457 4
0.085423 1
0.877148 1
0.977201 1
0.543914 1
0.248939 1
0.492713 1
0.550611 1
0.157225 1
0.270203 1
0.436904 1
0.255946 1
0.890548 1
0.136628 1
0.268063 1
0.881386 1
0.690411 1
0.070671 1
0.141412 1
0.675147 2
0.000004 9
0.001033 113
0.000067 14
0.000003 134
0.000230 8
0.000008 104
31.098508 1
0.099272 1
0.402077 1
1.027196 1
0.413442 1
0.071957 1
0.391232 1
0.406081 1
1.745422 1
0.289200 1
0.257871 1
1.244140 1
0.970541 1
0.094268 1
0.280178 1
0.893064 1
0.257480 1
0.184317 1
0.873256 1
0.235787 1
2.142958 11
0.010402 80
0.000174 109
0.000845 65
0.000009 18
0.000374 1975
0.014660 271
0.000230 2102
1.883155 27
0.633606 46
1.945382 45
0.282989 1
1.569581 1
0.000052 29
1.113582 12
0.650584 1
0.092248 1
0.039635 1
0.553929 29
0.191467 29
0.261716 29
1.281291 1
0.292668 1
0.000045 14
1.574434 1
0.102708 1
0.110658 1
0.029171 1
0.038951 1
0.055535 1
0.344385 15
0.460842 12
0.163673 12
0.086072 12
0.233705 1
0.057706 1
0.040195 1
0.001075 1
0.018374 1
0.525173 29
0.673562 29
0.187966 29
0.247176 29
0.498655 29
0.030926 144
0.030461 23
0.000279 38
0.030459 23
0.000298 38
0.029929 23
0.000355 42
0.030530 23
0.000343 38
0.030033 23
0.000346 38
0.029860 23
0.000281 38
0.029990 23
0.000270 38
0.030059 23
0.000354 38
0.029157 23
0.000456 38
0.030302 23
0.000569 42
0.029769 23
0.000015 24
0.030414 46
0.390015 46
0.140094 47
0.122409 46
0.243296 46
1.101165 23
0.000150 42
0.069130 23
0.000158 38
0.399428 23
0.000258 38
0.192994 23
0.000286 42
0.371333 23
0.000390 42
0.187250 23
0.000315 38
0.370653 23
0.000004 33
0.000155 42
0.376280 56
0.000728 41
0.065390 56
0.000431 40
0.153837 56
0.000594 39
0.307206 56
0.000200 38
0.289346 56
0.000460 48
1.173131 23
0.000109 42
0.170354 23
0.000401 42
1.040561 23
0.000145 42
0.347669 47
1.256060 56
0.000691 48
1.444378 23
0.000396 38
0.334868 47
2.125089 21
0.000007 22
0.334135 21
0.000327 36
0.230396 43
0.139881 42
0.176678 21
0.000759 180
2.575688 27
0.498318 27
0.031200 27
0.030359 27
0.029730 27
0.029717 27
0.030263 1
1.158599 28
1.222860 28
0.243980 28
0.126831 28
0.235937 28
1.465245 27
0.428380 28
0.424674 28
0.114316 30
0.192805 29
0.507167 29
0.739813 28
0.133953 29
0.517860 29
0.670020 29
0.058776 29
1.692524 28
0.176203 28
0.305857 28
0.215004 28
0.322254 43
22.048396 120
2.283051 217
2.235217 33
0.933880 43
0.667027 28
0.240770 28
0.128144 28
0.292888 28
0.867608 29
0.964367 38
1.340828 40
0.100234 17
0.000512 61
1.159722 47
1.061936 1
0.113030 1
0.566431 21
0.000087 18
0.005780 134
0.001212 76
0.001677 8
0.000012 104
18.057210 1
0.106779 1
0.389783 1
0.392201 1
6.821078 1
2.756185 1
0.816392 1
0.140141 1
0.471116 1
0.129497 1
0.662747 1
0.361690 1
0.412768 1
0.077649 1
0.171045 1
0.204184 1
0.088585 1
0.628751 1
0.095288 1
0.362755 1
0.083227 1
0.330133 1
0.117059 1
0.171422 1
0.093610 1
2.425795 1
0.418395 1
0.815176 1
0.937389 1
0.519043 1
0.250035 1
0.284859 1
0.654808 2
1.551774 1
0.422043 1
0.182036 2
2.087354 1
0.111031 1
0.445969 1
0.530373 1
0.446967 1
0.215423 3
0.071176 1
2.775971 11
0.000591 112
2.909779 1
0.104060 1
0.510753 1
0.480432 1
0.125555 1
0.316028 11
0.000396 90
2.742981 1
0.090588 1
1.019151 1
0.834158 1
0.150599 1
0.488629 1
0.293233 1
1.126535 1
0.533602 1
0.329119 6
2.594694 1
0.136351 1
0.174283 1
0.522499 1
0.196053 1
1.535886 1
0.054374 1
0.184076 1
0.355396 1
2.159225 1
0.116982 1
0.480390 1
0.542617 1
0.338480 1
0.131283 1
0.623024 1
1.544597 1
0.760792 1
0.084413 1
0.377212 1
0.424224 1
0.928962 1
0.140098 1
0.272819 1
0.430229 1
0.182238 1
0.191991 1
0.667311 1
0.335005 1
3.939090 2
0.000009 9
0.000978 90
3.286270 42
0.344610 1
0.499845 1
0.029295 1
0.030652 1
0.030861 1
0.030099 1
0.030568 1
0.027958 1
0.033146 1
0.030146 1
0.029795 1
0.030769 1
0.030574 1
0.030817 1
0.030532 1
0.030491 1
0.029587 1
0.030078 1
0.029162 1
0.032710 1
0.031024 1
0.031107 1
0.027897 1
0.032795 1
0.029116 1
0.031693 1
0.030989 1
0.030680 1
0.028381 1
0.032405 1
0.030599 1
0.030486 1
0.030027 1
0.028080 1
0.031740 1
0.030586 1
0.029918 1
0.030693 1
0.031186 1
1.180927 5
0.106553 5
0.386984 5
1.437404 3
0.500013 3
0.029942 3
0.029443 3
0.032231 3
0.030209 3
0.030129 3
0.027507 3
0.031972 3
0.030957 3
0.031536 3
0.030834 3
0.029305 3
0.031915 3
0.029964 3
0.031018 3
0.030688 3
0.031331 3
0.030599 3
0.030539 3
0.028492 3
0.028856 3
0.032475 3
0.030435 3
0.030083 3
0.029852 3
0.031380 3
0.030098 3
0.030947 3
0.030486 3
0.029753 3
0.028976 3
0.031190 3
0.028380 3
0.031886 3
0.029867 3
0.804357 3
0.232451 3
0.594699 3
0.642903 4
0.163367 4
0.226406 4
0.238424 4
0.131919 4
0.121703 4
0.134400 4
0.377745 4
0.717118 1
0.176869 1
0.329597 1
1.723729 1
0.200958 1
0.458657 1
0.419116 1
1.896967 11
0.002680 8
0.000019 82
2.052505 1
0.043846 1
1.361827 1
0.621371 1
0.417781 1
0.156132 1
1.189058 1
0.878135 1
0.117999 1
0.586269 1
0.579725 2
1.216821 1
0.391424 32
0.000020 93
3.415657 1
0.323498 1
0.682020 1
1.559667 1
0.343319 5
10.276390 1
0.347124 1
0.319017 1
0.390461 2
1.240342 1
0.946826 4
0.085483 1
0.508788 7
4.095272 1
0.110197 1
0.319383 1
2.071244 1
0.710266 1
0.180940 1
0.160067 5
4.095610 1
0.792783 4
1.008057 1
0.099112 1
0.274624 1
0.719043 1
0.253164 1
0.217909 3
2.403102 1
0.091705 1
0.281461 3
0.599902 1
0.322974 1
0.145334 1
0.094828 1
4.403888 11
0.001383 181
0.000004 82
0.000211 8
0.000008 82
73.957381 2
0.165315 2
0.575324 4
0.229705 4
0.135976 1
0.100781 1
0.601266 1
0.097967 1
1.299309 1
0.500139 1
0.051397 1
0.837731 1
0.197247 1
0.532932 1
2.728638 1
0.294407 1
0.183108 1
0.399498 1
3.609533 1
1.225987 1
0.113537 1
0.258483 1
0.296955 1
0.244575 1
0.188261 1
0.479171 1
0.174884 1
1.307416 1
0.503664 1
0.100515 1
0.364875 1
0.536595 1
0.705679 1
0.141982 1
0.105106 1
1.524340 1
1.725771 1
0.086263 1
0.793138 1
0.115380 1
0.484954 1
0.226982 1
0.262133 1
1.402566 1
0.549478 1
0.407046 1
0.259067 1
0.569569 1
0.228713 1
0.390705 1
0.176211 1
2.924440 1
0.847830 1
0.121682 1
0.590590 1
0.106370 1
1.354716 1
0.579187 1
0.141498 1
0.390799 1
0.516591 1
2.149205 3
0.148479 1
0.239268 1
0.320068 1
0.280822 1
0.157313 1
0.549454 1
0.232853 1
1.422964 1
1.145708 1
0.145395 1
0.394525 1
0.611052 1
0.905483 1
0.160195 1
0.258338 1
0.570717 1
0.639929 1
0.439413 1
0.180246 1
3.010793 4
0.172719 4
0.339280 4
0.376687 1
0.466218 1
0.207354 1
6.224231 11
0.002552 58
0.000167 384
0.000757 90
18.000337 1
0.061028 1
0.406132 1
1.275027 1
0.090716 1
0.358034 1
1.086281 1
0.445847 7
0.592416 11
0.000253 112
1.257916 14
0.570706 87
2.366301 11
0.002571 57
0.000111 281
0.000680 112
4.108623 1
0.084214 1
1.812795 11
0.002364 63
0.000593 112
2.762939 1
0.086231 1
0.657091 1
0.458710 1
0.097346 1
0.254620 1
0.347835 1
0.393819 1
0.653454 1
0.898736 1
0.439587 1
0.452158 11
0.000322 128
3.246160 1
0.075071 1
0.393265 2
0.000005 9
0.000820 35
0.000173 128
5.746610 1
0.072958 1
1.133408 1
0.497665 1
0.071285 1
0.333962 1
1.997992 1
0.586659 1
0.131213 1
0.091342 1
0.382282 11
0.002570 49
0.000158 58
0.000532 128
120.314299 2
0.147428 2
0.422755 2
0.140311 2
0.730396 4
0.253291 4
0.120453 4
0.119266 4
0.111534 1
0.131986 1
0.601550 1
0.132336 1
1.027785 1
0.113521 1
0.308901 11
0.000046 6
