0.026515 90
5.593129 2
0.525569 2
0.754545 4
0.151959 4
0.114290 1
0.109823 1
0.607504 1
0.459031 1
2.064888 1
0.079920 1
0.151842 1
1.808968 1
0.591894 1
0.123369 1
0.347855 1
0.668883 1
1.027962 1
0.103336 1
0.115714 1
22.513682 11
0.001063 90
4.968547 1
0.374484 1
0.507574 1
0.116505 1
0.152346 1
1.889801 1
0.277636 1
0.132462 1
0.385230 1
0.801321 1
0.344871 1
0.138010 1
0.177181 1
0.308112 11
0.006781 90
1.565375 1
0.082744 1
0.151925 11
0.000851 587
0.000149 8
0.000008 82
7.696901 1
0.111716 1
0.215664 1
1.291386 1
0.124204 1
0.528128 1
0.420099 1
0.506641 1
0.910501 1
0.111725 1
0.389786 1
0.529830 1
0.456958 1
0.451687 1
3.692741 11
0.000287 112
8.185806 1
1.248117 1
0.385422 1
0.351704 1
0.146897 1
1.173911 1
0.472783 1
0.114886 1
0.236625 1
0.688237 1
0.422005 1
0.099530 1
0.116405 1
1.600388 11
0.001075 8
0.000006 104
228.994867 1
0.085171 1
0.435722 1
0.401642 1
0.943843 1
0.055280 1
0.592488 2
0.000005 9
0.001157 14
0.000015 134
0.000240 8
0.000011 104
42.773496 1
0.052286 1
0.514007 1
0.535314 1
0.063150 1
3.601479 11
0.002693 69
0.000526 112
2.170866 1
0.043487 1
0.828575 1
0.030428 1
2.613094 1
0.381233 11
0.002714 54
0.000624 112
1.230328 1
0.065888 1
1.984020 1
0.812477 1
0.223896 1
0.174577 1
0.834456 1
0.666832 11
0.003160 280
0.000763 112
15.928364 1
0.405678 1
0.981534 1
0.073681 1
2.214789 11
0.000040 6
