0.009587 8
0.000044 88
6.053196 1
0.119985 1
0.396705 1
1.451989 4
0.868061 1
0.407287 1
0.194252 1
0.159523 1
0.266404 1
0.613078 4
0.180069 4
0.404059 4
0.398783 4
0.322650 1
0.689145 1
0.590353 1
0.714926 1
0.849148 4
0.165514 4
0.338424 4
0.502807 1
0.532058 1
0.115761 1
0.268745 1
0.300757 1
0.119995 1
0.236327 1
0.097110 1
0.979922 11
0.072350 25
0.060782 84
0.000020 2
0.000016 3
0.000013 2
0.000007 27
0.000007 2
0.000007 109
0.000019 2
0.000007 3
0.000007 2
0.000006 54
0.000007 2
0.000008 141
0.000007 2
0.000008 167
0.000006 2
0.000007 123
0.000007 2
0.000026 3
0.000007 2
0.000007 27
0.000006 2
0.000012 123
0.000040 128
0.000004 108
0.000025 2
0.000013 67
0.000015 2
0.000007 3
0.000006 2
0.000007 132
0.000007 2
0.000007 124
0.000024 2
0.000011 126
0.000004 213
53.564520 28
0.000750 8
0.000021 88
8.655593 1
0.351386 1
0.652532 1
1.665207 1
0.221163 1
0.114192 1
0.411487 1
1.672104 1
0.236703 1
0.128624 1
0.530640 11
0.024249 25
0.042166 77
0.000018 2
0.000007 3
0.000007 2
0.000007 15
0.000007 2
0.000006 40
0.000007 2
0.000007 3
0.000006 2
0.000007 19
0.000006 2
0.000007 103
0.000007 2
0.000032 49
0.000013 2
0.000013 221
0.000011 263
0.000022 151
0.000004 88
0.000033 2
0.000007 35
0.000011 2
0.000004 73
3.567185 28
0.001861 8
0.000021 88
2.322116 1
0.153727 1
0.700051 1
0.640887 1
0.350961 1
0.155600 1
0.149565 1
1.330071 1
0.106660 1
0.224334 1
1.210931 11
0.032658 25
0.034498 77
0.000018 2
0.000007 3
0.000007 2
0.000006 15
0.000007 2
0.000006 44
0.000007 2
0.000006 3
0.000006 2
0.000007 19
0.000006 2
0.000014 70
0.000011 31
0.000011 110
0.000063 135
0.000057 109
0.000005 169
2.155072 28
0.000812 96
54.188473 1
0.103725 1
1.000095 1
0.071147 1
0.703933 1
0.726147 1
0.299181 1
0.132909 1
0.262082 1
0.688837 1
0.431798 1
0.157169 1
0.422832 1
0.264684 1
0.372293 1
0.299880 1
0.543101 1
0.075473 1
0.706203 1
0.072815 1
1.403104 11
0.020506 42
5.749634 2
0.076476 8
0.000044 88
26.366860 1
0.112609 1
1.238513 1
0.432143 1
0.351930 1
0.915524 1
0.548919 1
0.076622 1
0.389908 1
0.070276 1
2.207684 11
0.018536 14
9.117945 18
0.000015 2
1.356004 2
1.803979 4
0.000034 55
0.000024 2
0.000656 8
0.000051 88
0.000037 2
0.000023 9
0.000096 8
0.000043 88
9.510360 1
0.105940 1
0.577418 1
0.377647 1
0.276843 1
0.678734 1
0.279314 1
0.070127 1
0.670328 1
0.099142 1
0.368693 11
0.007071 14
7.040501 18
0.000009 2
3.391652 4
0.000034 55
0.000024 2
0.000654 8
0.000052 88
2.917964 10
0.873640 11
0.007490 14
0.451054 2
0.000110 16
0.000020 2
3.318403 4
0.000084 55
0.000019 2
0.000276 8
0.000019 88
243.166872 1
0.093703 1
1.097903 4
0.117207 4
1.283363 1
0.067026 1
0.214281 1
0.205039 1
0.235322 1
0.432771 1
0.488867 1
0.074966 1
0.258300 1
0.095362 1
0.466843 11
0.016181 14
4.483595 2
0.029916 8
0.000024 8
5.236450 1
0.142467 1
0.356134 1
0.277667 1
0.097719 1
1.553868 1
0.126084 1
0.209058 1
0.101438 1
8.120468 1
0.838699 1
0.399068 1
0.116472 1
0.975746 1
0.179781 1
0.070717 1
0.377856 1
0.388131 1
1.452619 1
0.078237 1
1.648795 11
0.590451 67
0.005036 2
0.616991 33
0.000074 10
0.000016 10
4.382290 2
0.000113 5
0.000019 2
0.000016 2
0.000015 2
0.000014 5
0.000016 2
0.000015 2
0.000015 2
0.000021 5
0.000015 2
0.000015 2
0.000015 2
0.000014 5
0.000016 2
0.000016 2
0.002777 2
0.000014 5
0.615817 2
0.000087 2
0.000018 2
0.000019 5
4.384673 2
0.000224 2
0.000056 2
0.000057 5
0.000049 2
0.000048 2
0.000050 2
0.000044 5
0.000047 2
0.000046 2
0.000082 2
0.000088 5
0.000084 2
0.000096 2
0.000065 2
0.000047 5
0.000049 2
0.616743 2
0.000092 2
0.000023 5
0.000016 2
4.385950 2
0.000033 2
0.000010 5
0.000010 2
0.000857 2
0.000096 2
0.000019 5
0.000515 2
0.001398 2
0.000042 2
0.000018 5
0.001724 2
0.000041 2
0.000595 2
0.000044 5
0.001694 2
0.000050 2
0.608823 2
0.000089 5
0.000023 2
0.000017 2
4.387847 2
0.000263 5
0.000222 2
0.000135 2
0.000120 2
0.000192 5
0.000199 2
0.000218 2
0.000210 2
0.000023 5
0.000023 2
0.009028 2
0.000110 2
0.000021 5
0.000017 2
0.000015 2
0.000015 2
0.000015 5
0.603324 2
0.000208 2
0.000074 2
0.000069 5
4.389590 2
0.000016 2
0.000011 2
0.000008 5
0.000009 2
0.006881 2
0.000017 2
0.000009 5
0.000010 2
0.000009 2
0.000009 2
0.000008 5
0.001895 2
0.000011 2
0.000010 2
0.000008 5
0.000008 2
0.603649 2
0.000015 2
0.000008 5
0.000010 2
4.391736 2
0.000018 2
0.000010 5
0.000010 2
0.000017 2
0.003497 2
0.000019 5
0.000016 2
0.001083 2
0.000010 2
0.000230 8
0.000019 8
50.650252 1
0.136803 1
0.335527 1
0.093236 1
1.231429 1
0.440081 1
0.090550 1
3.260756 11
0.008950 36
5.561542 2
0.019621 35
0.000011 2
0.000026 53
0.000015 2
0.000361 8
0.000040 8
19.762615 1
0.117116 1
0.565735 1
0.111439 1
0.375612 15
0.001325 2
0.001539 96
1.684303 1
0.124969 1
0.365637 1
0.122089 1
0.212906 1
0.183202 1
0.119825 1
0.379917 11
0.008488 4
0.000016 2
0.000020 21
0.000017 2
0.000442 8
0.000024 88
1.242326 7
0.421022 4
0.696363 1
0.331051 11
0.027479 8
0.000035 38
2.502648 1
0.119582 1
0.169901 1
0.248895 1
0.189502 1
0.086920 1
0.359357 1
0.219185 1
0.167888 1
0.900077 4
0.661162 4
0.040146 4
0.040198 4
0.040368 4
0.039567 4
0.040520 4
0.186034 4
0.179838 4
40.490805 1
0.189467 1
0.139933 1
0.304594 1
0.808530 1
0.167466 1
0.332835 1
0.075231 1
0.527903 1
0.414661 1
0.348704 1
0.151781 1
0.242845 1
0.091763 1
0.264810 1
0.164206 1
2.830428 11
0.008538 98
0.000024 2
0.000209 8
0.000028 38
4.522068 1
0.209051 1
0.113253 1
0.227062 1
0.360345 1
0.097554 1
0.297649 1
0.106170 1
1.898968 1
0.179867 1
0.436723 1
1.732909 1
0.193445 1
0.437882 1
0.159710 1
0.263862 1
0.243300 1
0.250058 1
0.106509 1
0.344683 1
0.063162 1
5.015559 11
0.003325 19
0.000020 2
0.000117 62
0.000016 2
0.000026 25
0.000023 2
0.000202 8
0.000027 38
30.265339 1
0.237808 1
0.424655 1
0.093069 1
0.951736 15
0.000017 2
0.008435 8
0.000023 88
1.519296 1
0.295498 1
0.331792 1
0.097449 1
0.588268 11
0.000006 4
0.000008 2
