0.014604 90
3.499307 1
0.098758 1
0.199930 1
1.013329 1
0.211905 1
0.164472 1
0.097629 1
0.404328 11
0.012127 35
4.330418 2
0.059537 82
15.733686 1
0.565602 1
0.605123 1
0.114653 1
0.159697 1
1.343303 1
0.821664 1
0.613221 1
1.351505 1
0.472261 1
0.380893 1
0.732914 1
0.344208 1
1.704626 1
0.645428 1
0.112118 1
0.368328 1
0.710860 8
2.349492 1
0.464385 1
0.236591 1
0.248551 1
0.439110 1
0.241742 1
0.222735 1
1.493250 1
0.262383 1
0.520221 1
0.089166 1
6.717786 11
0.003050 82
1.438567 1
0.082094 1
2.465593 1
0.125189 1
1.488259 1
0.170795 1
0.710429 1
0.444350 1
3.105979 1
0.164571 1
0.432329 1
0.141142 8
1.463474 1
0.303136 1
0.506047 10
3.209476 11
0.000221 8
0.000014 104
3.966279 1
0.042494 1
0.393640 1
0.926473 1
0.662464 1
0.124897 1
0.809725 1
1.386864 1
0.211249 1
0.836250 1
0.153707 1
1.140135 1
1.135937 1
0.827959 1
0.663554 1
0.127471 1
0.191534 1
0.100341 1
0.581132 1
0.337463 1
0.477018 1
0.098349 1
0.119170 1
1.849133 11
0.007942 112
58.199780 1
0.102509 1
0.356869 1
0.468525 1
1.030740 1
1.138881 1
0.103246 1
1.412936 1
0.447902 1
0.400242 1
1.510704 1
0.775753 1
0.598374 1
0.368776 1
0.261464 1
0.415345 1
0.481937 1
0.061144 1
0.288604 1
0.083027 1
2.308347 1
0.847257 1
0.294582 1
1.142116 1
0.282471 1
0.123400 1
0.165404 1
0.119842 1
0.645273 1
0.166877 3
0.367051 1
0.047617 1
0.124978 1
5.839805 11
0.007504 112
2.611474 1
0.134436 1
0.322931 1
2.700728 1
0.749369 1
0.458018 1
0.099612 1
1.689103 1
0.236986 1
0.086880 1
0.164581 1
0.088007 1
1.443850 1
0.362283 1
0.322890 1
0.137924 1
0.111155 1
1.460616 11
0.002863 19
0.000210 15
0.000018 15
0.000032 66
0.000516 112
20.916297 1
0.078667 1
0.202016 1
0.488423 1
0.331569 1
0.422812 1
0.294125 1
0.045291 1
0.188128 1
0.126483 1
1.945195 11
0.015981 61
8.406051 1
0.103613 1
0.264303 1
1.577509 1
0.241117 1
0.173101 1
0.177147 1
0.095208 1
1.040952 1
0.185006 1
0.487704 1
0.100909 1
0.092369 1
1.029593 4
0.120396 4
0.112642 4
0.112835 4
0.714862 1
0.127832 1
0.043715 1
0.724186 4
0.187628 4
0.259254 1
0.243131 1
0.068587 1
7.996837 11
0.018669 80
0.000728 62
0.001762 83
0.000395 1948
0.004907 271
0.000655 1997
12.559286 21
0.000069 200
1.877171 188
0.825871 27
1.024768 28
0.768818 36
1.240086 31
0.384284 31
0.216013 31
0.182179 31
0.158068 32
0.273709 31
2.309304 30
1.047737 30
0.719215 30
0.432014 32
0.461571 27
0.561797 27
0.311701 27
0.501116 27
0.192074 27
0.155645 27
0.127565 27
0.149935 27
0.205662 1
0.811735 217
0.534560 27
3.404920 31
0.510724 31
0.145054 31
0.382310 31
0.183751 32
0.218967 31
15.181605 38
0.100475 16
0.000314 92
1.124680 53
1.397177 46
0.937939 1
0.084178 1
0.794451 32
0.007779 162
0.000728 61
14.632921 1
0.104532 1
0.372520 1
0.103654 1
3.370618 17
0.002628 112
1.801019 1
0.087688 1
3.544099 1
0.597002 1
0.755745 1
0.119784 1
0.096359 1
0.592663 4
0.136529 1
0.636624 1
0.613276 1
0.105073 1
0.206277 1
1.579891 1
5.751305 1
0.576920 1
0.304517 1
0.719196 1
0.070276 1
0.200980 1
0.166015 1
1.433414 1
0.187360 1
0.464600 1
0.082251 1
0.108677 1
2.904898 11
0.003329 112
2.608964 1
0.135249 1
1.316600 1
0.656857 1
4.786455 1
0.475569 1
0.109409 1
2.220492 1
0.430495 1
0.121400 1
0.189988 1
0.111937 1
0.976401 1
0.628831 1
0.822755 1
0.062264 1
0.124845 1
0.768715 1
0.685309 1
0.751436 4
0.205600 1
0.982318 1
1.054310 1
0.099900 1
0.299000 1
0.277803 1
0.244999 1
0.297285 1
0.440921 1
2.342735 1
0.854602 1
0.125219 3
0.161443 1
0.119825 1
0.312786 1
1.286213 1
0.353678 1
0.098926 1
0.517067 1
0.753849 1
0.523922 1
0.987506 4
0.188534 4
0.300278 4
0.280098 4
0.554978 1
0.206460 1
0.133898 1
0.352519 1
4.894384 1
0.633597 1
1.667636 1
0.131357 1
0.157739 1
0.123537 1
0.484638 1
0.320317 1
0.290672 1
0.087538 1
0.115746 1
1.665380 11
0.003767 112
28.683200 1
0.092092 1
1.275329 4
0.207026 4
0.882570 1
0.094472 1
0.137047 1
0.785139 1
0.240740 1
0.319166 1
0.135625 1
0.446674 1
0.411287 1
0.174453 1
0.195558 1
0.121869 1
0.514912 1
0.928599 1
0.401065 1
0.287203 1
0.106720 1
1.258187 1
0.409948 1
0.135145 1
0.146991 1
0.084901 1
0.770293 1
0.250854 1
0.283888 1
0.131880 1
0.107653 1
0.949998 1
0.732268 1
0.140047 3
0.177494 1
0.108353 1
0.453022 1
0.281195 1
0.260409 1
0.116156 1
0.096753 1
4.316992 11
0.002043 19
0.000104 15
0.000031 15
0.000059 66
0.000013 19
0.000029 15
0.000012 15
0.000059 66
0.000354 76
0.000570 112
31.679643 1
0.120145 1
0.280231 1
0.284840 1
0.210156 1
0.326814 1
0.084259 1
2.100082 1
0.658325 1
0.380286 1
1.465750 1
1.181088 1
0.553309 1
1.728154 1
0.255768 1
0.469240 1
0.352258 1
0.243449 1
0.318934 1
0.434786 1
0.281910 1
1.812982 1
0.366047 1
0.277643 1
0.500077 1
1.531921 1
0.468576 1
0.329641 1
0.244767 1
0.641470 3
1.717795 1
0.653879 1
0.148094 1
0.577315 1
0.389165 8
5.212163 1
0.125097 1
0.726224 10
2.813181 11
0.001660 112
5.796176 54
1.358243 1
0.500306 1
0.030190 1
0.029299 1
0.030021 1
0.030779 1
0.029237 1
0.030308 1
0.030469 1
0.031145 1
0.029715 1
0.030319 1
0.031105 1
0.030444 1
0.029973 1
0.029631 1
0.032131 1
0.030061 1
0.031489 1
0.029847 1
0.030702 1
0.030821 1
0.030078 1
0.030770 1
0.222275 240
0.193105 1
0.229965 1
0.402396 1
0.177782 1
2.022823 214
0.499564 211
0.028801 208
0.030690 205
0.030407 202
0.030850 199
0.031074 196
0.029234 193
0.031029 190
0.029851 187
0.029753 184
0.031713 181
0.030314 178
0.029917 175
0.030465 170
0.029601 169
0.031092 166
0.030212 161
0.029855 160
0.030060 157
0.030353 154
0.031854 151
0.296438 147
0.153929 191
0.369363 193
0.702893 142
0.056940 144
0.175176 147
0.389911 150
0.224062 153
0.230148 156
1.614761 157
0.166540 154
0.150547 151
0.621372 150
0.192902 153
0.309155 156
0.178768 159
10.194917 14
0.002922 124
0.000016 98
0.000739 112
59.647106 1
0.078174 1
0.187402 1
0.165840 1
0.277568 1
0.522274 1
0.416606 1
0.078113 1
0.405964 1
0.049273 1
0.649461 11
0.010383 61
8.121498 1
0.059578 1
0.076935 1
2.145156 1
0.687635 1
0.101501 1
0.827711 1
0.654726 1
0.177989 1
0.187758 1
0.100304 1
0.217604 1
0.247202 1
0.101947 1
0.341334 1
0.465438 11
0.032143 61
11.736639 1
0.108675 1
0.202969 1
0.425860 1
0.072064 1
2.130345 1
0.568569 1
0.395572 1
0.858470 1
0.366311 2
2.077799 1
0.321979 1
0.297170 1
0.182690 8
2.309503 1
0.179579 1
0.371270 10
4.816510 4
0.500957 4
0.030966 4
0.028866 4
0.030547 4
0.032460 4
0.030801 4
0.175491 489
0.304559 4
0.138162 4
0.120324 4
0.384408 4
0.509794 1
0.185437 1
0.233430 1
0.167573 1
0.192765 3
0.093247 1
1.158759 1
0.283587 1
0.056600 1
0.132832 1
2.271787 1
0.594889 1
1.726864 1
1.125894 1
0.518191 1
0.307880 1
0.192749 2
1.487817 1
0.176517 1
0.221676 1
0.185900 8
2.353305 1
0.141648 1
0.618033 4
0.235162 1
0.871296 10
3.107032 1
0.120988 1
0.158856 1
0.138143 1
1.509582 1
0.227432 1
0.344112 1
0.133327 1
0.136443 1
1.222826 11
0.002667 61
15.971000 1
0.062149 1
0.997928 1
0.125230 1
0.331197 1
0.215915 1
0.369739 1
0.598986 1
0.110805 1
0.152161 1
0.093258 1
0.504234 1
0.265145 1
0.393473 1
0.241212 1
0.508746 4
0.204307 4
0.401670 1
0.146541 1
0.099057 1
0.434810 11
0.003139 67
0.000475 61
9.747973 1
0.519205 1
0.129186 1
0.087173 1
0.853693 17
0.000996 61
28.554189 1
0.095481 1
0.281370 1
1.073609 1
0.204392 1
0.279213 1
0.117334 1
1.265317 1
0.483531 1
0.109215 1
0.164820 1
0.085373 1
0.936219 1
0.365561 1
0.444927 1
0.377464 1
3.544009 1
1.347483 1
0.359479 1
0.112167 1
0.132468 1
1.843703 11
0.002065 19
0.000130 145
0.000132 159
0.000531 61
2.073565 57
0.049569 57
0.034627 57
0.042447 57
0.042555 57
0.063603 57
0.041897 57
0.070364 57
0.127755 57
0.071360 57
0.062825 57
17.860756 1
0.124826 1
1.287961 1
0.416517 1
0.497299 1
0.116942 1
0.978846 1
0.633296 1
0.236128 1
0.540903 3
1.519593 1
0.162411 1
0.320632 1
0.121558 8
2.216651 11
0.002704 67
0.000047 248
0.000347 1057
0.000219 208
0.000301 8
0.000009 53
23.151421 1
0.101448 1
0.189863 1
0.123257 1
0.355782 17
0.003051 112
1.611231 10
0.358719 46
1.277178 162
0.405908 148
0.573026 162
0.710962 4
0.500593 4
0.030004 4
0.030571 4
0.030245 4
0.031726 4
0.028345 4
0.030903 4
0.029278 4
0.030947 4
0.030485 4
0.030172 4
0.031655 4
0.030556 4
0.030811 4
0.030217 4
0.030445 4
0.029026 4
0.030599 4
0.030462 4
0.030467 4
0.030138 4
0.031705 4
0.031140 4
0.030721 489
0.028998 4
0.030903 4
0.027206 4
0.031781 4
0.030037 4
0.030534 4
0.027904 4
0.031638 4
0.031109 4
0.030307 4
0.029651 4
0.029308 4
0.030130 4
0.031251 4
0.029940 4
0.029905 4
0.029840 4
0.030650 4
0.029956 4
0.031159 4
0.029358 4
0.029497 4
0.031331 4
0.030096 4
0.031192 4
0.028645 4
0.030454 4
0.030499 4
0.028670 4
0.030738 1
0.030572 1
0.030006 1
0.031451 1
0.030197 1
0.029131 1
0.031218 1
0.919529 1
0.100768 1
31.979831 1
6.869145 1
0.817102 1
0.126329 1
0.684257 1
0.938179 1
0.716904 1
0.189034 1
0.592725 4
0.152234 4
0.701562 1
0.459546 3
1.453812 1
0.164852 1
0.245759 1
0.114921 8
2.805041 2
0.000302 9
0.002977 112
19.142402 1
0.103139 1
0.331464 1
0.094713 1
0.377185 17
0.005266 90
2.409055 1
0.259218 1
0.329809 1
0.123637 1
0.650524 11
0.000098 6
