0.026608 90
0.770949 4
0.359795 11
0.445186 8
0.346895 2
0.160369 3
0.372244 19
0.116265 27
0.128343 19
0.718133 16
1.735410 11
0.000184 112
3.032018 2
0.064662 2
1.074905 4
0.207484 4
0.122971 1
0.605420 1
0.070809 1
1.498037 1
0.670840 1
0.057336 1
0.477968 10
2.480790 1
0.110325 1
0.376290 1
0.292337 1
1.465841 1
0.089853 1
0.179897 1
0.406910 1
1.039134 11
0.003021 112
23.636188 23
2.257575 1
2.311257 1
0.091652 1
1.644380 1
0.452580 1
1.228237 1
8.529465 1
0.264831 1
0.313038 1
0.175089 1
1.538454 11
0.003312 112
92.003996 2
0.056848 2
0.740386 4
0.382365 4
0.117375 1
0.119448 1
0.224743 1
2.754848 1
0.053747 1
0.928664 4
0.174693 4
0.133441 4
0.101009 1
0.827561 1
0.072809 1
0.178630 1
0.666048 1
0.057758 1
0.414286 10
2.904762 1
0.490999 1
0.081239 1
1.884022 10
2.013112 4
0.167477 4
0.120290 4
0.110406 4
1.942729 1
0.108009 1
0.795630 1
11.278103 11
0.003327 112
21.502593 27
0.740239 1
0.497648 1
0.029575 1
0.029897 1
0.030674 1
0.029969 1
0.031173 1
0.031822 1
0.030334 1
0.031049 1
0.030554 1
0.994912 27
0.501219 27
0.030435 27
0.031218 27
0.028966 27
0.030985 27
0.030345 27
0.030447 27
0.030269 27
0.030363 27
0.030337 27
0.235651 27
0.152902 25
1.171338 3
0.498923 3
0.031227 3
0.030064 3
0.028393 3
0.030124 3
0.030160 3
0.030904 3
0.030912 3
0.030707 3
0.031637 3
0.713210 1
1.446366 1
0.124086 1
0.162646 1
0.471135 5
1.674857 11
0.003459 112
23.245672 1
0.489666 1
0.182151 1
0.616801 1
0.211761 1
0.228081 1
0.148688 1
0.675756 1
0.890264 1
0.115514 1
0.221962 1
0.350748 5
1.216286 2
0.000015 9
0.003354 15
0.000168 311
0.000501 8
0.000011 104
18.290194 1
0.292634 1
0.345385 1
0.080996 1
0.629331 2
0.000005 9
0.000032 6
