0.027286 90
3.259493 1
0.039043 1
5.765714 1
0.462342 1
0.108907 1
0.417724 1
0.304331 1
0.760213 116
0.200532 116
3.455285 1
0.291336 1
0.639943 1
0.188068 1
0.229524 1
0.256118 1
2.205615 1
1.514077 1
3.872822 11
0.000243 112
2.451431 1
0.067453 1
1.915128 1
0.414002 1
1.776353 1
0.424610 4
0.504378 1
0.669658 4
0.305198 1
2.899088 1
0.491998 1
1.095723 1
0.506962 1
0.528537 1
0.814315 1
0.666714 1
0.242722 1
0.350810 1
0.129537 1
0.112093 1
0.445739 11
0.003602 112
23.657266 1
0.096930 1
1.326225 11
0.002648 73
0.000569 112
1.770483 1
0.111722 1
0.730541 4
0.493460 1
1.666477 1
0.346468 1
0.273789 1
0.425881 1
1.224132 1
0.657340 1
0.638059 1
0.095629 1
0.108090 1
0.280790 11
0.002772 112
0.769187 1
0.074378 1
0.144433 11
0.002611 63
0.000552 112
1.294438 1
0.072047 1
0.174147 1
0.198807 1
0.120905 1
0.206173 11
0.000311 90
2.279511 5
0.273202 11
0.288836 13
0.370411 16
0.400679 14
0.746495 34
1.010485 11
0.000227 112
0.604275 14
1.064556 16
0.462966 11
1.145159 7
0.443362 11
0.187966 13
0.390040 16
0.599282 14
0.787424 1
0.124595 1
0.146807 1
0.147898 1
0.133673 1
0.143545 1
0.438444 1
0.628093 15
0.629326 3
0.285198 3
0.128699 3
0.950974 2
0.000015 9
0.004122 112
16.306068 1
0.139436 1
0.236815 1
0.156938 1
0.207784 1
1.537866 1
0.182768 1
0.144401 1
1.260185 1
0.190858 1
0.165852 1
0.483104 1
0.475009 1
0.727178 1
0.999806 1
0.397036 1
0.256893 1
0.350337 1
0.131272 1
1.088058 1
0.534592 1
0.348122 1
0.127031 1
0.099027 1
2.020272 11
0.012298 35
7.111434 2
0.046000 112
11.980469 1
0.267860 1
0.254285 1
0.213608 1
0.188903 1
0.977015 1
0.573363 1
0.337487 1
0.250515 1
0.232664 1
0.288333 1
0.250570 6
2.576557 11
0.006908 34
0.000625 112
26.277784 1
0.102396 1
0.185197 1
0.320508 1
0.554203 1
0.224915 1
0.289334 1
0.156435 1
2.327347 1
0.425290 1
0.229584 1
0.097672 1
0.112305 1
0.383412 11
0.020939 129
0.000025 163
0.001411 83
0.000212 1117
0.003862 271
0.000741 1321
2.666727 23
0.000349 38
0.006960 77
0.000132 38
0.007531 115
0.005864 93
0.007777 120
0.006885 80
0.000238 40
0.007011 80
0.000015 40
0.006911 149
0.007129 120
0.007520 80
0.000007 40
0.006481 109
0.000015 40
0.006810 49
0.006980 48
0.007171 48
0.007361 48
0.006827 48
0.006824 48
0.007437 48
0.006689 48
0.007230 48
0.007200 48
0.006926 48
0.007012 48
0.007004 48
0.007125 48
0.007314 48
0.007096 24
0.000008 24
0.006597 24
0.000008 24
0.007391 24
0.000018 24
0.014126 48
0.014115 48
0.162654 24
0.000183 40
0.006956 24
0.000129 40
0.007034 52
0.000341 41
0.007275 92
0.006657 52
0.000015 40
0.006965 120
0.006644 92
0.008042 81
0.000022 40
0.006240 80
0.000073 40
0.007149 52
0.000128 40
0.007047 80
0.000051 41
0.006904 88
0.006989 88
0.007151 50
0.000084 38
0.006963 100
0.006754 46
0.006868 46
0.007586 46
0.006681 46
0.007206 46
0.006822 46
0.006934 23
0.000014 23
0.006986 46
0.007161 23
0.000014 23
0.007066 23
0.000012 23
0.007112 46
0.006943 23
0.000022 23
0.006948 24
0.000009 23
0.007611 46
0.006863 46
0.007375 46
0.006676 46
0.007109 46
0.006892 46
0.007211 46
0.007125 46
0.007112 46
0.007039 46
0.007167 46
0.006777 46
0.007398 46
0.006829 46
0.007299 46
0.007264 46
0.006922 46
0.006819 46
0.007078 46
0.007346 46
0.007091 46
0.006716 46
0.007128 46
0.007100 46
0.007322 46
0.007031 46
0.006869 46
0.006880 46
0.006947 23
0.000134 23
0.007240 46
0.007543 46
0.006580 46
0.007016 46
4.745737 1130
22.617537 108
1.510085 40
0.831798 50
1.003717 50
0.460790 38
0.100216 22
0.727638 46
0.788642 1
0.089692 1
0.441524 1
0.000108 439
0.000092 399
3.367538 106
2.081917 22
0.100249 55
0.751168 46
1.231766 1
0.185402 1
0.000295 898
3.450307 106
1.229352 21
0.000034 25
1.466192 1
0.350795 1
0.259272 1
0.001246 34
0.000020 69
0.001680 8
0.000029 104
3.852331 1
0.095294 1
1.760844 1
0.319187 1
0.272278 1
0.904088 1
0.817181 4
0.649683 1
0.526067 8
1.718519 1
0.154578 1
0.103663 1
0.328372 1
0.119715 1
0.493062 1
0.096988 1
0.543506 1
0.219190 1
0.130292 1
0.111744 1
0.689047 11
0.001989 120
0.000280 112
2.268132 24
0.297966 1
0.501868 1
0.029502 1
0.029763 1
0.030001 1
0.031251 1
0.028841 1
0.029031 1
0.030515 1
0.029314 1
0.031574 1
0.030649 1
0.030884 1
0.031007 1
0.029559 1
0.029965 1
0.030380 1
0.030067 1
0.030667 1
0.256043 1
0.173823 1
0.425922 3
0.500508 3
0.028617 3
0.029474 3
0.029790 3
0.029448 3
0.031322 3
0.030463 3
0.029840 3
0.030225 3
0.031339 3
0.029174 3
0.030570 3
0.031697 3
0.030571 3
0.030527 3
0.030413 3
0.028905 3
0.029546 3
0.030129 3
0.030954 3
0.028378 1
0.030046 1
0.031817 1
0.030688 1
0.029516 1
0.031323 1
0.420128 4
0.500504 4
0.030100 4
0.030121 4
0.030043 4
0.030486 4
0.029794 4
0.030367 4
0.030459 4
0.029253 4
0.029716 4
0.031522 4
0.030038 4
0.029732 4
0.031410 4
0.030119 4
0.029843 4
0.029830 4
0.031384 4
0.030886 4
0.030947 4
0.030042 4
0.030197 4
0.030177 4
0.029991 1
0.031348 1
0.030102 1
0.030841 1
0.031054 1
0.029255 1
0.029891 1
0.030368 1
0.030104 1
0.029750 1
2.366324 1
0.074224 1
3.283026 1
0.303041 1
0.287843 1
0.238208 1
0.241666 1
1.140237 6
1.683583 11
0.002601 51
0.000199 44
0.000550 8
0.000015 104
28.059508 1
0.091563 1
0.799497 1
0.107687 1
0.873904 1
0.410968 1
0.178298 1
0.143924 1
0.303757 1
0.160003 1
0.112162 1
1.329899 1
0.067153 1
0.396539 1
0.227124 1
0.748050 1
0.216132 1
1.040905 4
0.118848 1
0.139195 8
3.306833 11
0.010800 112
1.674334 1
1.454293 1
0.097530 1
0.751040 1
0.196991 1
0.152036 1
1.051106 1
0.230130 1
0.277739 1
0.360818 1
0.337185 7
1.513369 11
0.002310 34
0.000621 112
18.034686 1
0.142758 1
0.564430 1
0.094029 1
0.670644 11
0.000076 6
