0.028217 90
18.185132 1
0.649947 1
1.246241 1
0.083301 1
0.167200 1
1.143938 1
0.581312 1
0.134737 1
0.790709 1
0.454052 1
1.486974 1
0.813458 1
0.160555 1
0.278316 1
0.327650 1
0.508833 1
1.906917 11
0.002927 90
0.960608 1
0.088968 1
1.325186 1
0.200748 19
1.302749 1
0.500875 1
0.030020 1
0.030556 1
0.030716 1
0.031000 1
0.030296 1
0.029451 1
0.030404 1
0.029826 1
0.030181 1
0.030081 1
0.826338 3
0.503039 27
0.499200 27
0.027678 27
0.031224 27
0.031865 27
0.030458 1
0.030121 1
0.030891 1
0.030132 1
0.030837 1
0.031085 1
0.030598 1
0.104949 23
0.075969 23
0.785962 3
0.502210 3
0.027677 3
0.029526 3
0.030453 3
0.029392 3
0.030604 3
0.031004 3
0.030178 3
0.030646 3
0.030877 3
0.028412 1
0.031091 1
0.030996 1
0.660849 1
0.883839 11
0.000332 112
33.637711 1
0.119877 1
0.208618 1
0.459053 1
0.066752 1
1.151777 1
0.416855 1
0.091586 1
1.365293 1
1.860015 1
0.416829 1
0.258391 1
0.282812 1
0.885090 1
0.437436 1
0.119258 1
0.112994 1
2.124068 11
0.002455 112
28.934181 1
0.099095 1
0.408581 1
0.435789 1
1.887252 4
0.500143 4
0.030247 4
0.028243 4
0.031362 1
0.029858 1
0.031286 1
0.030529 1
0.029803 1
0.030483 1
0.029994 1
0.029500 1
0.030749 1
0.030821 1
0.342254 17
0.643266 1
0.500913 1
0.030031 1
0.030519 1
0.027966 1
0.031249 1
0.028541 1
0.032192 1
0.029539 1
0.253800 1
0.197439 1
0.228323 1
0.377783 29
0.166971 29
0.134329 29
0.108596 29
0.289549 29
0.905953 25
0.072256 25
0.301095 25
0.487982 11
0.064262 80
0.000260 58
0.001628 83
0.000181 1975
0.008630 100
0.000006 15
0.000016 156
0.000310 2051
2.968911 45
2.875347 45
1.506148 27
0.775701 21
0.000151 172
2.104086 1
0.922530 36
2.771030 36
0.877754 36
0.865159 28
0.851403 36
1.588822 31
0.932331 38
0.681595 31
0.704844 31
0.274567 31
0.103971 31
0.251143 32
0.497607 31
0.107396 31
0.954709 41
0.499167 36
0.524441 36
0.401522 36
1.274981 31
0.395517 31
0.224628 31
0.583641 31
0.167702 32
0.115220 31
13.540879 41
0.307110 41
0.283000 38
0.292618 38
1.046856 32
0.575685 32
0.275808 32
0.886318 32
0.058409 33
7.073502 43
0.245797 38
0.209796 38
0.320672 38
3.474154 32
1.100802 32
0.234550 32
0.537567 32
0.641569 33
0.184696 32
0.251199 32
2.306065 33
0.402018 28
0.184998 28
0.231732 33
0.703126 41
0.147376 40
0.095909 40
0.334421 40
0.269074 40
1.086700 32
0.336813 32
0.091927 32
0.257560 32
0.116036 33
37.296093 40
0.100343 17
0.000373 63
1.654814 55
2.263413 55
3.063133 22
0.000346 42
0.121558 28
1.717921 50
0.861803 22
0.000441 38
0.672654 22
0.000159 38
0.445763 28
0.955935 22
0.000032 145
2.034795 23
0.000370 43
1.046438 22
0.000113 40
1.366645 45
0.267707 46
0.376924 22
0.000007 23
0.237487 105
0.488351 28
0.382749 48
0.971222 23
0.100214 58
0.417854 23
0.100475 58
0.402869 23
0.100461 58
0.674244 28
0.654530 22
0.000088 148
0.637436 47
0.348246 44
0.273726 105
0.484462 23
0.000018 24
0.132520 44
0.111151 28
0.185170 22
0.000096 148
0.263973 32
0.000016 73
0.117705 45
0.321934 23
0.000013 23
0.242446 28
0.058049 170
0.264333 105
0.035775 22
0.000009 23
4.633200 45
0.577586 28
0.843207 170
0.729215 105
1.556847 24
0.000400 45
0.028733 24
0.000015 25
0.661736 24
0.000315 40
0.696822 24
0.000437 40
0.501212 24
0.000431 45
0.030200 49
0.029958 48
0.030674 24
0.000039 24
0.030455 48
0.030158 48
0.029939 48
0.030095 48
0.030462 48
0.030100 48
0.029865 48
0.030346 48
0.030087 48
0.030273 48
0.030068 48
0.030045 48
0.159963 24
0.000445 45
0.499906 24
0.000348 40
0.027072 24
0.000170 40
0.032638 24
0.000473 44
0.030256 24
0.000278 44
0.030341 24
0.000452 40
0.030967 24
0.000360 43
0.029878 23
0.000474 43
0.029428 23
0.000305 43
0.030116 23
0.000395 38
0.029890 23
0.000338 38
0.030033 23
0.000536 43
0.030420 23
0.000405 43
0.030580 23
0.000242 38
0.030852 23
0.000431 38
0.030326 23
0.000020 24
0.030096 46
0.027878 23
0.000005 23
0.030513 46
0.030084 46
0.030216 46
0.366184 21
0.000418 36
0.530928 27
0.979380 21
0.000033 143
1.218827 98
0.680580 21
0.000340 36
1.041743 21
0.000293 40
0.531047 21
0.000112 40
0.258972 21
0.000413 36
0.870224 23
0.000297 38
0.352215 23
0.000108 43
0.475797 27
1.712747 21
0.000203 144
4.275240 21
0.000014 6
1.530348 22
0.000022 47
1.153636 1
0.000171 129
0.962638 22
0.000142 42
0.799432 22
0.000322 37
0.698213 21
0.000248 36
0.098488 27
1.679975 23
0.000656 208
1.342132 98
1.446516 21
0.000114 40
0.498565 21
0.000396 40
0.316653 21
0.000359 36
0.388685 27
0.826966 46
1.069318 21
0.000342 43
0.387832 28
0.653486 72
1.361153 1
0.000015 66
0.546861 23
0.100306 58
5.653011 22
0.000015 24
1.566144 1
0.109509 1
0.889291 1
0.000166 20
0.000014 13
0.029533 82
0.001668 76
0.002782 112
31.140849 1
0.063937 1
0.242467 1
1.492002 4
0.153061 4
0.151134 4
0.689647 15
0.911372 11
0.019670 80
0.000208 60
0.001240 83
0.000235 997
0.005346 100
0.000004 15
0.000017 166
0.000307 1058
29.041048 46
1.128852 1
0.082457 1
0.321119 21
0.000165 13
0.006019 82
0.001079 76
0.001843 112
2.781298 15
0.852382 1
0.501099 1
0.029656 1
0.030966 1
0.030504 1
0.030980 1
0.030771 1
0.031208 1
0.031355 1
0.030147 1
0.219723 1
0.213392 1
0.413562 29
0.154747 29
0.260853 29
0.270746 25
0.110984 25
0.382267 25
0.447262 11
0.002035 80
0.000594 112
30.450415 15
0.394511 1
0.502361 1
0.030942 1
0.031052 1
0.030749 1
0.030166 1
0.030872 1
0.030538 1
0.030389 1
0.189689 1
0.173649 1
0.128038 1
0.841569 29
0.500204 29
0.030262 29
0.028300 1
0.030704 1
0.029621 1
0.030396 1
0.029893 1
0.030202 1
0.204163 25
0.409698 25
0.138673 25
0.545616 2
0.000015 9
0.028497 80
0.000094 8
0.000012 104
19.770926 1
0.067506 1
0.713688 1
0.814235 4
0.145810 4
0.104158 4
0.698200 15
1.080321 54
0.482635 1
0.498709 1
0.030292 1
0.030726 1
0.030628 1
0.030127 1
0.031325 1
0.029756 1
0.029355 1
0.031020 1
0.527649 1
1.220831 23
0.090965 23
0.401573 23
0.903302 2
0.000016 9
0.000804 185
0.000156 8
0.000015 104
25.354307 18
0.437819 61
1.518148 1
0.498362 1
0.030485 1
0.030105 1
0.030992 1
0.030249 1
0.031282 1
0.029516 1
0.030771 1
0.030794 1
0.030109 1
0.479661 1
0.311860 29
0.501975 29
0.031264 29
0.030278 1
0.030995 1
0.029631 1
0.029190 1
0.031095 1
0.031029 1
0.031116 1
0.030944 1
0.030262 1
0.030101 1
0.030473 1
0.031131 1
0.030301 1
0.172533 25
0.109926 25
0.400862 11
0.029340 185
0.000484 112
15.395404 14
0.175026 60
1.004179 1
0.500761 1
0.029516 1
0.031120 1
0.029948 1
0.030184 1
0.029809 1
0.029931 1
0.031055 1
0.030049 1
0.268250 1
0.207212 1
0.754500 29
0.067265 25
0.421090 2
0.000035 9
0.001989 66
0.000364 8
0.000056 104
27.975365 1
0.198213 1
0.188016 1
0.821168 1
1.058353 1
0.944311 1
0.098974 1
1.358442 1
0.820886 1
3.575380 1
2.776963 1
2.057478 1
1.177237 1
0.413569 1
0.035948 1
0.627515 1
0.245049 1
0.310455 1
2.922227 7
1.681151 1
1.189518 1
1.104610 4
0.190271 4
0.300064 4
0.815184 1
0.537175 4
0.298075 1
0.431565 1
1.159306 1
0.599405 1
0.070059 1
0.352332 1
0.822122 1
0.113237 1
0.505957 1
0.983989 11
0.003482 86
0.000522 112
39.889044 1
0.100069 1
0.247284 1
0.159638 1
7.916416 1
0.157465 1
0.597618 1
0.779862 1
0.057419 1
0.527146 1
0.426904 1
0.060353 1
0.385359 10
0.800011 11
0.000758 40
0.000166 8
0.000010 104
16.247832 1
0.098312 1
0.384170 1
0.204432 1
0.893891 1
1.013535 1
0.328980 1
0.722999 1
0.178155 1
0.646998 1
0.598302 1
0.921768 4
0.125310 1
0.096877 1
1.003714 10
1.180732 2
0.000084 9
0.006993 36
0.000100 8
0.000004 104
20.624259 1
0.115903 1
0.332153 1
0.132368 1
0.265507 1
0.705215 1
0.069334 1
0.411713 1
0.352287 9
0.550278 2
0.000005 9
0.000828 80
0.000092 112
14.828968 17
0.582023 1
0.499811 1
0.029927 1
0.030074 1
0.029744 1
0.029983 1
0.030314 1
0.030198 1
0.029277 1
0.030639 1
0.030374 1
0.290735 1
0.429464 1
1.581516 9
0.094467 5
0.181789 5
1.050771 5
0.100185 5
0.380189 2
0.000010 9
0.000708 80
0.000169 112
12.314518 1
0.411723 1
0.198458 1
0.148120 1
1.159593 11
0.000056 6
