0.024421 90
4.586483 2
0.252617 2
0.250260 2
0.325865 4
0.475337 4
0.227555 4
0.117605 1
2.215030 1
0.278937 1
0.142345 1
1.366169 1
0.570870 1
0.651499 1
0.290503 1
0.328530 1
0.600688 1
0.499584 1
0.319640 1
0.244147 1
1.838387 1
0.937478 1
1.065012 1
0.590011 1
0.291922 1
0.388190 1
0.138086 1
2.145669 1
0.672656 1
0.340676 1
1.087494 1
0.546045 1
0.677221 1
0.162944 1
0.277188 1
0.298964 1
0.387205 4
0.198880 4
0.120825 4
0.449126 4
0.994317 1
0.285955 1
0.323194 1
0.080898 1
3.260216 1
0.562394 1
0.167107 1
0.132085 1
0.240119 1
4.716492 1
1.279504 1
0.802444 4
1.015621 2
0.687603 2
0.192883 2
0.088467 2
0.323948 2
0.067437 2
0.237182 2
1.371215 2
0.095733 2
12.877076 11
0.003360 77
0.000104 102
0.000703 90
7.418050 52
1.252375 4
0.501112 4
0.030861 4
0.029821 4
0.030796 4
0.030466 4
0.030376 4
0.031568 4
0.030799 4
0.030813 4
0.030956 4
0.030155 4
0.031319 4
0.030056 4
0.030267 4
0.030211 4
0.031127 4
0.030705 4
0.031181 4
0.030077 4
0.030625 4
0.030259 4
0.030793 4
0.030724 4
0.030517 4
0.030978 4
0.030791 4
0.030876 4
0.029786 4
0.030701 4
0.030441 4
0.029657 4
0.029997 4
0.031392 4
0.029412 4
0.030699 4
0.030642 4
0.030508 4
0.030548 4
0.030570 4
0.029676 4
0.030121 4
0.031065 4
0.030018 1
0.030119 1
0.029722 1
0.028687 1
0.029933 1
0.030754 1
0.032174 1
1.033548 1
0.127731 1
0.272254 1
0.529037 1
0.058791 1
0.327433 1
0.418076 1
0.755414 116
2.652237 1
0.097872 7
0.876689 2
0.000173 9
0.000187 112
0.977470 14
0.177033 66
0.969934 11
0.029727 96
0.000207 102
0.000635 112
5.276584 1
0.092451 1
0.449822 11
0.003012 1030
0.000735 112
39.110359 2
0.707018 54
12.358423 11
0.003560 96
0.000077 102
0.000681 112
10.302587 52
0.577802 11
0.003421 96
0.000212 102
0.000567 112
1.111015 52
0.248052 11
0.003574 96
0.000256 102
0.000554 112
0.898762 52
1.305592 4
0.135224 4
0.118560 4
0.117654 4
0.121681 4
0.141629 4
0.102634 4
0.140746 4
0.294983 4
1.003179 1
0.914540 4
2.493460 2
0.806706 2
0.572740 2
0.453356 2
0.195626 2
0.334786 2
0.172522 2
0.152326 2
0.612435 11
0.003486 94
0.000132 102
0.000811 112
1.543507 50
6.923406 4
0.500398 4
0.030102 4
0.030934 4
0.030244 4
0.030608 4
0.029855 4
0.029888 4
0.030214 4
0.030324 4
0.030710 4
0.030769 4
0.030784 4
0.030875 4
0.030866 4
0.031241 4
0.030123 4
0.030453 4
0.030503 4
0.030044 4
0.030587 4
0.031113 4
0.028735 4
0.030596 4
0.030102 4
0.029481 4
0.030588 4
0.029907 4
0.030178 4
0.030332 4
0.030195 4
0.030312 4
0.031087 4
0.031059 4
0.030864 4
0.029524 4
0.031166 4
0.031078 4
0.031247 4
0.030808 4
0.030360 4
0.030392 4
0.030724 1
0.031292 1
0.842942 1
0.084025 1
0.640967 1
0.149462 2
0.000168 34
0.000258 112
2.110728 3
1.847736 53
2.121052 1
0.500604 1
0.030659 1
0.030228 1
0.030359 1
0.030460 1
0.029720 1
0.030912 1
0.030664 1
1.253130 31
0.158711 31
0.251393 31
0.332804 31
0.453600 28
0.058698 28
0.279564 28
0.465872 28
0.089635 28
0.156742 28
0.883721 31
0.205077 31
0.126110 31
0.143226 31
0.111969 31
0.348325 31
0.696058 27
0.079198 27
0.343614 27
0.225102 27
0.096513 27
0.155163 27
1.185262 3
0.499948 3
0.030179 3
0.030635 3
0.031298 3
0.031046 3
0.030214 3
0.030286 3
0.030384 3
0.604623 4
0.132811 4
0.113289 4
0.121980 4
0.103035 4
0.133284 4
0.151871 4
0.167201 4
1.521341 2
0.741466 2
0.123493 2
0.074286 2
0.236403 2
0.080492 2
0.218231 2
0.173416 2
0.093765 2
0.736168 2
0.000021 9
0.003344 14
0.000207 38
0.000161 12
0.000059 14
0.000038 13
0.000076 12
0.000737 112
19.343632 2
0.500471 4
1.775207 54
0.875968 4
0.165795 4
0.501120 4
0.030298 4
0.030215 4
0.030550 4
0.030712 4
0.030649 4
0.031156 4
0.029606 4
0.029428 4
0.030375 4
0.030191 4
0.030491 4
0.714992 4
0.499957 4
0.030423 4
0.029735 4
0.029712 4
0.028996 4
0.030983 4
0.031911 4
0.031019 4
0.255171 4
0.144402 4
0.639009 1
0.113147 1
0.678785 1
0.901817 5
0.879834 1
0.193386 1
1.360623 1
0.331936 1
1.205846 1
0.254624 1
0.104986 1
0.109648 1
1.799895 1
0.500693 1
0.029942 1
0.029803 1
0.030431 1
0.030375 1
0.030008 1
0.031053 1
0.029590 1
0.030986 1
0.031613 1
0.030402 1
0.030418 1
0.029872 1
0.030694 1
0.031377 1
0.030654 1
0.030959 1
0.030264 1
0.031033 1
0.030598 1
0.030125 1
0.031655 1
0.030782 1
1.089766 5
0.172457 5
0.430054 5
0.532318 5
0.064155 5
0.393968 2
0.000177 9
0.004577 112
20.130653 1
0.317446 1
0.863265 1
0.152670 1
0.576646 4
0.299446 1
0.060911 1
1.019264 1
0.515689 1
0.138409 1
0.082878 1
0.526773 1
0.159526 1
0.216007 1
1.086965 11
0.003051 112
0.481958 1
0.078257 1
0.320132 1
0.293485 1
0.074260 1
0.085726 1
0.747620 1
0.064099 1
0.167597 1
0.527369 4
0.107157 1
0.758107 11
0.000293 126
2.260288 1
0.235138 1
0.251985 1
0.284322 1
0.850512 1
0.909277 1
1.369097 1
0.181769 1
0.074752 1
0.302208 1
0.448437 1
0.122041 1
0.303063 1
2.731146 1
1.396428 1
0.432495 1
0.284349 1
0.337110 1
0.114173 1
0.179313 1
0.088403 1
0.702835 1
0.549525 1
0.379513 1
0.169902 1
0.087531 1
0.594644 11
0.000515 126
6.704456 26
0.724880 1
0.499549 1
0.029876 1
0.030300 1
0.030889 1
0.031270 1
0.030368 1
0.030643 1
0.030674 1
0.031166 1
0.345779 1
0.220829 1
0.239569 1
0.822360 3
0.243304 3
0.283953 3
0.217764 3
0.252990 3
0.262597 3
0.143692 3
0.386691 3
5.310967 3
1.369305 13
0.072762 9
0.353027 3
0.331548 3
0.128398 3
0.392057 3
0.423302 4
0.153390 4
0.220371 4
0.562057 1
0.094249 1
0.142651 1
0.693706 11
0.000619 126
0.604699 26
14.421197 1
1.707907 1
0.500798 1
0.030300 1
0.030386 1
0.029981 1
0.759997 15
0.028382 11
1.694248 11
0.000537 126
1.909279 1
0.536920 1
0.214267 1
0.349143 1
0.108438 1
0.856863 1
0.410870 1
0.125144 1
0.191477 1
0.100443 1
1.219153 1
0.314593 1
0.893701 1
0.662343 1
0.104397 1
1.102678 11
0.002640 126
7.401317 1
0.045238 1
0.595204 11
0.002717 61
0.000614 126
5.566952 1
0.317352 1
0.199912 1
0.652494 1
0.348692 1
0.500383 1
0.582950 1
0.275437 1
0.564455 1
0.269714 1
0.513751 1
0.222806 1
0.212134 1
0.338213 1
0.173958 1
0.087043 1
1.182446 1
1.859482 1
0.269528 1
0.169279 1
0.822420 1
0.868907 1
0.681968 1
0.306997 1
0.122903 1
0.094205 1
1.895429 1
0.823997 1
0.619625 1
0.571852 1
0.114363 1
0.353819 1
0.643543 1
0.766847 1
1.379217 1
1.460372 1
0.175201 1
0.363746 1
0.497385 1
1.223665 1
0.352889 1
0.475973 1
1.487893 1
0.814218 1
0.079818 1
1.376010 11
0.003905 45
0.000796 126
6.387058 1
0.314832 1
0.870130 1
0.577655 1
1.459206 1
0.586440 1
0.255002 1
1.245320 1
0.538127 1
0.348663 1
0.098954 1
0.511811 10
1.848448 1
0.132652 1
0.488415 1
0.130769 1
0.160361 1
0.172422 1
0.599402 6
1.684803 1
0.508133 1
1.678112 1
0.541878 1
0.434970 1
0.096130 1
0.184018 1
1.841907 1
0.704686 4
0.312488 1
1.994254 11
0.003878 11
0.000824 126
34.539101 1
0.053060 1
1.616015 1
3.422364 1
1.237796 1
0.505952 1
1.116893 1
0.478835 1
0.152622 1
0.457185 1
0.824235 1
0.365354 1
0.172330 1
0.153754 1
1.545611 1
0.139592 1
0.850257 1
0.094629 1
0.114117 1
1.520269 11
0.003734 126
1.634685 1
0.080086 1
0.509093 1
0.333522 1
0.398027 1
0.599754 1
0.155558 1
0.986152 1
0.448182 1
0.343237 1
1.535843 1
0.650278 1
0.746625 1
1.031409 1
0.450721 1
0.161068 1
0.111685 1
1.465214 1
0.451438 4
0.122514 1
0.289851 1
0.457478 1
0.092365 1
0.133796 1
1.549141 11
0.004291 126
0.804107 1
0.318876 1
0.255566 1
2.434308 1
0.084081 1
1.496657 1
0.483884 1
0.157086 1
0.671565 1
0.632300 1
0.401891 1
0.424616 1
0.309723 1
0.334213 1
0.073885 1
1.337568 1
0.547487 1
0.111227 1
0.097942 1
0.476570 1
0.925155 1
0.080603 1
0.757808 1
0.541831 1
0.173030 1
0.832542 6
0.856127 1
0.274152 5
0.372802 1
0.471979 1
0.236103 1
0.394967 6
0.934867 1
0.314895 5
2.502871 11
0.003496 268
0.000436 126
17.723946 50
0.624781 1
0.500550 1
0.030068 1
0.030082 1
0.029486 1
0.030475 1
0.029474 1
0.030160 1
0.030505 1
0.029590 1
0.029700 1
0.030748 1
0.030862 1
0.030129 1
0.030385 1
0.030670 1
0.030817 1
0.029836 1
0.030934 1
0.030892 1
0.031401 1
0.031077 1
0.030065 1
0.031321 1
0.031647 1
0.029959 1
0.031591 1
0.175310 1
0.500220 1
0.030300 1
0.030816 1
0.029312 1
0.030281 1
0.029999 1
0.030955 1
0.030359 1
0.030599 1
0.030057 1
0.029515 1
0.030948 1
0.029262 1
0.030361 1
0.031311 1
0.030908 1
0.333231 3
0.854064 5
0.036529 5
0.757942 11
0.007955 126
2.596308 1
0.076984 1
0.221738 1
0.451384 1
0.083618 1
0.262718 1
2.275199 1
0.155390 1
0.640805 4
0.159920 1
0.316987 1
1.526646 1
0.551853 1
0.275497 1
1.314738 1
0.240891 1
0.246508 1
0.118292 1
1.262494 1
0.407403 1
0.143320 1
0.083067 1
0.652949 1
1.007921 1
0.085618 1
0.800794 2
0.000016 9
0.004000 3610
0.000116 544
0.000066 4095
0.000026 2257
0.000603 126
7.373616 122
0.020869 122
0.029096 122
0.014528 122
0.029169 122
64.214062 1
0.617220 1
0.195982 1
0.236362 1
0.850306 1
0.776775 1
0.287331 1
0.513602 1
0.143987 1
0.462681 1
0.070000 1
1.843217 1
0.317740 1
0.083093 1
0.119899 1
1.352125 1
0.851844 1
0.056168 1
0.499760 11
0.028822 4095
0.000080 4095
0.000012 2316
0.000284 8
0.000015 118
72.567350 1
0.285040 1
0.193192 1
1.263019 1
0.120317 1
0.514509 1
0.260810 1
0.356123 1
1.410688 1
0.560529 1
1.045881 1
12.096345 1
0.481544 1
0.365837 1
0.669431 36
3.288864 1
1.084627 1
0.243632 1
0.570991 1
0.144936 1
0.257577 1
1.373344 1
0.866618 1
0.683265 1
0.276128 1
0.200073 1
0.150423 1
0.473066 3
0.048359 1
1.116586 1
0.445535 1
0.555927 1
1.026604 1
0.306428 1
0.431828 1
0.125094 1
0.486490 1
1.303848 1
0.575286 1
2.437096 1
0.861097 1
0.047811 1
0.314468 1
0.536219 1
0.806531 1
6.126236 4
22.591805 4
0.359308 4
0.153163 4
0.156210 4
1.587219 1
0.292191 1
0.469910 1
0.082468 1
0.188182 1
3.021373 1
0.899439 1
0.070762 1
2.696347 1
1.096469 1
0.064438 1
0.388172 1
0.225687 1
0.338735 1
3.134628 1
3.438308 4
3.864709 1
0.429338 1
0.517031 4
0.740701 1
1.474508 1
0.127976 1
0.633708 1
1.127882 4
1.012364 1
2.004722 1
0.358426 1
8.228180 4
0.687786 1
0.273835 1
1.602290 4
2.449620 1
0.074672 1
0.221842 1
0.382686 1
0.203320 1
0.195918 4
0.144549 4
0.110730 4
0.150229 4
0.219964 4
0.481516 1
0.245404 1
1.130181 1
0.733012 4
1.126096 1
0.755324 1
0.336532 1
0.190414 1
0.271526 35
1.399572 11
0.005606 40
0.025541 196
0.038151 126
3.013760 129
0.961925 4
0.501522 4
0.030292 4
0.030767 4
0.030361 4
0.030784 4
0.031379 4
0.030639 4
0.031374 4
0.030607 4
0.030190 4
0.030437 4
0.030033 4
0.030703 4
0.030277 4
0.030436 4
0.030782 4
0.030492 4
0.030269 4
0.029416 4
0.031251 4
0.030620 4
0.029935 4
0.030044 4
0.031124 4
0.030898 4
0.030826 4
0.030945 4
0.030947 4
0.030457 4
0.029814 4
0.030220 4
0.031398 4
0.031397 4
0.030917 4
0.030491 4
0.030240 4
0.030805 4
0.289555 4
0.363978 4
0.823745 2
0.000213 9
0.005406 40
158.134368 126
81.349827 1
0.038281 1
0.626658 11
0.003278 1795
0.000630 126
26.851441 2
0.544636 91
6.677258 1
0.500778 1
0.030692 1
0.029332 1
0.030118 1
0.029913 1
0.029413 1
0.029591 1
0.030320 1
8.597369 19
2.916143 19
0.097674 19
2.751624 1
0.499892 1
0.031736 1
0.029814 1
0.031153 1
0.030325 1
0.029838 1
0.030832 1
0.030349 1
0.030501 1
0.029902 1
0.029888 1
0.030887 1
0.030705 1
0.030750 1
0.030831 1
0.030550 1
0.401902 1
0.221879 1
0.147440 1
0.231506 321
0.143080 1
0.137760 1
0.119629 1
0.125591 1
0.130576 1
0.144893 1
1.005221 1
0.961543 3
0.374349 301
0.266881 299
0.522541 297
0.374446 295
0.735311 298
0.079465 300
5.309468 5
0.000244 9
0.005361 40
2286.434920 126
27.263188 2
0.077183 2
1.140289 4
0.114373 4
0.122111 1
0.720231 1
0.043506 1
0.453957 2
0.000009 9
0.001283 3651
0.000141 8
0.000008 118
2.604046 122
0.319552 122
0.167235 122
1.891263 122
0.269404 122
103.908553 122
0.020890 122
0.014545 122
0.021743 122
0.029083 122
0.036542 122
0.109221 122
2.864291 2
0.234325 2
0.689772 4
0.131989 4
0.121848 1
0.811797 1
0.040839 1
0.387660 1
0.640222 4
0.143922 4
0.120543 4
0.101431 1
0.599155 1
0.086885 1
0.315161 1
0.800708 1
3.817418 1
0.906798 1
0.643726 4
1.477495 1
1.247965 1
0.122158 1
13.743219 4
0.240695 4
0.149576 4
3.895002 1
1.065289 1
0.057496 1
1.766156 1
0.087211 1
0.269988 1
0.235763 1
0.320089 1
0.887831 1
1.205882 1
0.722554 1
0.675121 1
0.590645 1
0.115010 1
0.215530 1
1.925181 1
0.181128 1
0.464163 1
0.416838 4
0.287052 1
0.395040 1
0.221460 1
0.977262 1
0.622417 1
0.362403 1
0.272610 1
0.128548 1
2.311924 1
2.306190 1
0.346351 1
1.421714 1
0.252028 1
0.433946 1
1.668996 1
0.643653 1
0.085196 1
0.110297 1
0.868211 11
0.003947 21
0.000193 58
0.000181 39
0.000509 8
0.000008 118
3.502473 44
0.265848 1
0.500174 1
0.029648 1
0.029783 1
0.030570 1
0.029382 1
0.030150 1
0.029758 1
0.030188 1
0.030276 1
0.029963 1
0.029779 1
0.030530 1
0.029465 1
0.029915 1
0.030925 1
0.030298 1
0.030394 1
0.029606 1
0.029991 1
0.030396 1
0.029615 1
0.030498 1
0.029662 1
0.031553 1
0.030294 1
0.030162 1
0.029238 1
0.030807 1
0.030438 1
0.030064 1
0.029834 1
0.028973 1
0.333789 3
0.733422 5
1.544883 11
36.113066 126
189.877323 1
1.517159 1
1.858961 1
0.822376 1
0.401899 1
0.691720 1
0.252535 1
0.137214 1
1.899941 1
4.428070 1
0.774264 1
0.351686 1
0.073377 1
0.314205 1
0.292506 1
0.800886 41
2.658221 134
3.134628 4
0.158260 4
0.141314 4
0.095912 4
0.135898 4
0.401564 1
0.389094 1
0.272006 5
0.595703 4
0.232248 4
0.148584 4
0.057049 4
0.388833 4
1.561838 1
0.424010 38
6.235001 1
0.499815 1
0.030707 1
0.030366 1
0.030106 1
0.029839 1
0.030081 1
0.029569 1
0.030584 1
0.030577 1
0.030240 1
0.029671 1
0.030199 1
0.030054 1
0.030073 1
0.030290 1
0.030601 1
0.030699 1
0.029345 1
0.030249 1
0.030607 1
0.030167 1
0.032290 1
0.032331 1
0.030422 1
0.031163 1
0.031293 1
0.030695 1
0.031087 1
0.029852 1
0.031114 1
0.031720 1
0.030255 1
0.030869 1
0.030888 1
0.031503 1
0.030857 1
0.030698 1
0.031491 1
0.031026 1
1.126611 5
0.763198 5
0.462555 9
0.644321 5
0.348079 5
0.385292 5
0.063079 5
0.475945 5
4.362755 5
0.517153 5
0.050535 5
0.143436 5
1.476764 5
1.007568 5
0.090570 5
1.930265 9
0.697312 5
1.663781 11
0.088021 140
0.004841 126
5.192406 61
0.526065 1
0.500404 1
0.030801 1
0.030937 1
0.029800 1
0.029800 1
0.031710 1
0.030525 1
0.030589 1
0.030295 1
0.029868 1
0.030667 1
0.031608 1
0.029265 1
0.030450 1
0.030052 1
0.031375 1
0.029833 1
0.030295 1
0.030245 1
0.030498 1
0.030440 1
0.029345 1
0.031098 1
0.030791 1
0.030570 1
0.030399 1
0.030731 1
0.030109 1
0.030443 1
0.031290 1
0.030555 1
0.030930 1
0.031266 1
0.031440 1
0.030316 1
0.030956 1
0.030573 1
0.030174 1
0.031256 1
0.030383 1
0.028505 1
0.031255 1
0.030059 1
0.030533 1
0.030470 1
0.206526 1
0.500382 1
0.030794 1
0.030028 1
0.030903 1
0.031283 1
0.030486 1
0.031009 1
0.031333 1
0.030148 1
0.030219 1
0.029713 1
0.031142 1
0.031371 1
0.030425 1
0.029907 1
0.030853 1
0.634476 3
0.156156 3
0.567492 3
0.283292 5
0.297229 197
0.751749 12
0.049963 140
0.004669 126
11.928842 1
2.612116 1
1.943330 1
0.109108 1
0.270812 1
0.280987 11
0.086948 138
0.004596 8
0.000010 118
3.150075 1
0.162672 1
0.314088 11
0.054978 140
0.004724 126
2.903443 1
0.148786 1
1.211499 1
0.075481 1
0.256105 1
0.400554 1
0.541313 1
0.045246 1
1.538165 1
0.348269 1
0.245226 1
0.157051 1
0.213011 1
0.244144 1
0.134080 1
0.133550 1
0.785507 1
0.971576 1
0.521676 1
0.557726 4
1.157409 1
0.819888 1
0.158762 1
0.798048 1
0.434995 4
0.711609 11
0.012831 35
4.427974 2
0.089556 50
0.010331 114
0.003687 132
0.030013 134
0.111797 217
0.001084 75
0.138765 128
0.000641 96
0.001011 106
0.000740 53
0.040626 79
0.000121 20
0.027300 195
0.022459 257
1.350696 2
0.008493 33
0.500530 60
0.500897 60
0.500729 60
0.500537 86
0.500675 129
0.235083 228
0.500818 40
0.500947 40
0.500699 41
0.500678 72
0.500790 41
0.406464 66
0.500797 116
0.500775 116
0.268308 334
0.500870 116
0.500776 116
0.500630 116
0.500203 116
0.500586 116
0.500458 116
0.500649 116
0.500758 116
0.500338 116
0.500758 116
0.500863 116
0.500463 116
0.500836 116
0.500724 116
0.046730 274
0.335260 16
0.026142 110
0.004753 395
0.003238 44
0.001966 44
0.005205 44
0.000976 44
0.001036 44
0.002792 44
0.002903 44
0.004041 44
0.022779 44
0.007031 44
0.007649 184
0.004645 381
0.011168 57
0.052613 149
0.047081 74
0.010773 88
0.000120 149
0.011819 62
0.089253 149
0.049104 64
0.007456 149
0.007415 149
0.007159 69
0.007505 149
0.010538 149
0.008532 76
0.328917 20
1.382160 126
9.675206 28
0.333399 33
0.464262 7
0.385517 70
1.176734 336
0.004737 219
0.001083 158
0.000003 4
0.202305 57
1.397059 180
2.326727 180
2.202002 180
2.328145 180
4.218598 180
2.127738 135
0.000142 19
0.000021 57
0.000445 126
14.834919 65
49.560873 12
0.000158 10
0.012782 1
1.106899 4
0.341527 1
0.599901 11
0.004686 219
0.000831 162
0.204355 57
1.299531 180
2.311140 180
2.426059 180
2.336158 180
3.626343 180
2.111115 135
0.000056 19
0.000089 57
0.000355 126
19.319591 64
0.590163 1
0.500330 321
0.030627 1
0.029678 1
0.030426 1
0.031143 1
0.030364 1
0.030082 1
0.030918 1
0.027813 1
0.030737 1
0.031916 1
0.030416 1
0.030909 1
0.030138 1
0.031122 1
0.030093 1
0.030166 1
0.031131 1
0.031073 1
0.029855 1
0.030682 1
0.031310 1
0.029385 1
0.030158 1
0.029790 1
0.030021 1
0.031117 1
0.029882 1
0.030043 1
0.030929 1
0.030416 1
0.031299 1
0.030519 1
0.030791 1
0.030897 1
0.030522 1
0.030405 1
0.030352 1
0.030701 1
0.030588 1
0.030457 1
0.030439 1
0.029583 1
0.030272 1
0.030781 1
0.031171 1
0.029006 1
0.031833 1
0.029749 1
0.031121 1
0.030674 1
0.030272 1
0.329142 1
1.200258 210
1.366983 22
0.000024 2
1.119597 1
0.753507 11
0.004824 219
0.001095 100
0.000090 34
0.000076 24
0.000018 4
0.200011 57
1.296118 180
2.209088 180
2.223144 180
2.167980 180
4.186215 180
5.418685 180
2.645914 180
2.155825 180
2.219728 180
2.366324 180
2.392629 180
2.318509 180
1.595611 180
2.184134 180
2.255238 180
2.350032 180
2.305513 180
2.208875 180
2.614543 180
2.014142 180
2.163955 180
2.335696 180
2.392863 180
2.603987 180
2.340986 180
2.193233 180
2.504589 180
2.694791 180
2.316422 180
2.547647 180
1.904876 180
2.308345 180
2.691721 180
2.440418 180
2.458315 180
2.837810 180
1.908171 180
2.321977 180
2.229923 180
2.050752 180
2.443991 180
2.330558 180
1.847077 180
2.277551 180
2.457349 180
2.305293 180
2.414165 180
1.956860 180
1.869805 180
2.177515 180
2.288535 180
2.186749 180
2.375204 180
2.394737 180
2.208514 180
2.358879 180
2.289330 180
2.289236 180
2.370813 180
2.105478 180
2.454687 180
2.236110 180
2.249818 180
2.442588 180
2.240064 180
1.904385 180
2.349547 180
2.336821 180
2.469453 180
2.405532 180
2.285702 180
2.272216 180
2.384955 180
2.335865 180
2.439134 180
2.495814 180
2.200139 180
2.132638 180
2.274354 180
2.299010 180
2.477120 180
2.313620 180
2.153800 180
2.373846 180
2.510890 180
2.256336 180
2.306407 180
2.299328 180
2.187069 180
2.365209 180
2.296909 180
2.261387 180
2.275540 180
2.446977 180
2.091419 180
2.415924 180
2.582714 180
2.547488 180
0.231761 182
1.960001 188
4.306666 188
0.094029 229
0.000389 126
18.315458 2
0.097049 2
0.161007 2
0.507904 4
0.205561 4
0.111193 4
0.109127 1
0.147664 1
0.679261 1
0.085248 1
0.105072 1
0.314435 1
0.265214 11
0.059589 141
0.004643 126
2.822671 4
1.306306 4
0.228346 4
0.148510 4
0.121423 4
0.110569 1
0.419342 1
0.120721 1
0.478518 1
0.509899 4
0.309360 1
0.086601 1
0.253958 1
1.168346 1
0.130767 1
0.284685 1
0.146363 1
0.239510 1
0.232684 1
1.500124 1
0.349354 1
0.262265 1
0.207661 1
0.092690 1
0.698276 1
1.117362 1
0.132593 1
0.391699 1
1.632647 1
1.025683 1
0.635466 1
0.119691 1
0.269923 1
0.084237 1
0.431857 2
0.000209 9
0.054776 50
0.025238 114
0.003744 132
0.031646 134
0.117933 217
0.001133 75
0.144573 128
0.000545 96
0.001196 57
0.042187 79
0.000009 13
0.028883 195
0.022225 206
0.004030 33
0.500639 60
0.500614 103
0.208948 242
0.501020 46
0.201313 145
0.309559 16
0.021345 114
0.004333 395
0.003590 44
0.002089 44
0.005630 44
0.000743 44
0.001037 44
0.002622 44
0.002761 44
0.004359 44
0.022989 44
0.007632 44
0.007600 184
0.005265 391
0.001684 65
0.016598 149
0.029800 72
0.001683 149
0.001591 149
0.001608 85
0.065689 76
0.174168 20
1.383856 126
2.089271 1
0.239606 1
0.067883 1
0.228733 1
0.472919 1
0.713583 1
0.447586 1
0.216382 1
1.136255 1
0.367936 1
0.176064 1
0.178725 1
1.089285 1
0.679391 1
0.362439 1
0.126665 1
0.117369 1
9.252186 1
0.208825 1
0.330577 1
0.197644 1
0.453003 1
0.358164 1
0.181336 1
0.130127 1
3.710550 1
0.272318 1
0.862183 1
0.095316 1
0.118933 1
0.992767 1
0.566970 1
0.248224 1
0.761263 1
0.506363 1
0.391903 1
0.152350 1
0.240979 1
0.679096 1
0.081902 1
2.106928 1
1.067407 1
0.075238 1
0.148207 1
0.232546 1
1.518736 11
0.009676 64
0.004004 64
0.003320 126
3.991627 1
0.427532 1
0.350406 1
0.112177 1
0.748035 1
0.717008 1
0.115481 1
0.578308 1
0.106428 1
0.313969 1
0.647862 1
0.943320 1
0.581282 1
0.592154 1
0.224786 1
0.278793 1
0.395823 11
1.150141 11
0.012731 126
2.694572 1
0.163219 1
0.824027 1
0.245740 1
0.379895 11
2.010192 11
0.014613 38
0.000497 49
0.000460 49
0.000755 38
0.000216 8
0.000011 118
40.063486 1
1.064884 1
0.156650 1
0.083911 1
0.393478 11
0.000165 6
