0.022853 90
1.068959 42
0.912991 86
0.872872 9
0.608160 13
0.736991 4
0.132974 4
0.135701 4
0.103721 4
0.123015 1
0.132888 1
0.926930 1
0.362326 1
0.355068 1
0.099885 1
0.148997 1
1.274810 1
0.626810 1
0.076260 1
0.295395 1
1.974756 1
0.343778 1
0.463237 4
0.230353 1
0.278421 1
0.289095 1
0.365639 1
0.544396 1
1.617750 1
2.749818 11
0.003255 90
0.346663 1
0.066220 1
0.593314 1
0.615930 1
0.116822 1
0.441231 2
2.586733 1
0.316288 7
1.259434 11
0.000352 112
4.605886 14
0.384023 30
0.375688 58
0.464523 119
0.354511 9
0.320377 13
0.127743 11
0.175470 17
0.162293 5
0.240382 25
0.175022 40
0.560961 54
0.191628 57
0.309340 17
0.216940 58
0.168520 51
0.330634 30
0.242703 52
0.359961 61
0.177387 39
0.772895 94
0.653921 49
1.918253 39
0.732146 35
1.571582 11
0.004218 112
1.290346 21
0.769462 39
0.178677 30
0.198907 58
0.161533 119
0.085456 9
0.150987 13
0.127988 11
0.137501 17
0.244881 5
0.256530 25
0.115799 40
0.141919 54
0.303246 57
0.416774 17
0.273673 58
0.162271 51
0.350588 30
0.255176 52
0.403844 61
0.678064 39
3.667118 11
0.006909 112
0.660977 24
0.500125 41
0.030343 39
0.029972 30
0.029897 58
0.029410 119
0.031055 9
0.029058 13
0.030201 11
0.030023 17
0.029829 5
0.288965 25
0.153644 40
0.214608 54
0.500427 57
0.030063 17
0.030348 58
0.030322 51
0.029995 30
0.030374 52
0.510567 61
0.249942 39
1.194112 43
5.234586 11
0.003614 112
2.665220 1
0.151338 1
0.236685 1
1.652024 1
0.257501 1
0.233544 1
0.490169 1
0.094664 1
0.212015 1
0.854494 1
0.837364 1
0.395216 1
0.074271 1
0.309493 10
1.441577 1
0.198714 1
0.205752 1
0.162550 1
0.228962 1
0.492114 6
1.920606 1
0.500461 1
0.029976 1
0.030456 1
0.030206 1
0.030635 1
0.029965 1
0.029954 1
0.029874 1
0.030318 1
0.031293 1
0.030181 1
0.030594 1
0.030815 1
0.029858 1
0.031424 1
0.030945 1
0.029985 1
0.030265 1
0.029807 1
0.029726 1
0.029984 1
0.030783 1
0.031032 1
0.029965 1
0.333965 1
0.132376 1
0.663868 5
0.125319 5
1.010282 3
0.500776 3
0.029937 3
0.030287 3
0.030498 3
0.031312 3
0.030046 3
0.030882 3
0.030670 3
0.030872 3
0.031285 3
0.029732 3
0.031000 3
0.029216 3
0.030086 3
0.030144 3
0.030923 3
0.031223 3
0.029895 3
0.030294 3
0.030761 3
0.030368 3
0.030512 3
0.030028 3
0.031264 3
0.030374 3
0.029851 3
0.029989 1
0.029684 1
0.028301 1
1.140973 4
0.551645 1
1.715401 1
0.173579 1
0.677690 8
6.603420 4
7.720867 255
0.002610 21
0.000462 37
0.001886 36
0.000192 17
0.000431 112
26.551391 1
0.097534 1
0.181635 1
0.417751 1
0.325547 1
0.540828 1
0.476511 1
0.144227 1
0.197698 1
0.205164 1
1.712680 1
0.468291 1
0.117159 1
0.299683 1
0.265780 1
0.546059 4
0.291292 1
0.111040 1
0.412851 5
1.677006 11
0.002690 19
0.000295 17
0.000677 112
23.642056 1
0.648584 1
0.453917 1
0.087475 1
0.154437 1
0.451332 1
0.477491 1
0.134324 1
0.268064 1
0.204985 1
0.500063 11
0.003162 112
1.188553 1
0.057185 1
0.173742 1
0.372164 1
0.045695 1
0.308517 10
1.514936 1
0.108492 1
0.243931 1
0.337488 8
0.779530 1
0.076133 1
0.384680 1
0.339429 7
1.815195 1
0.070933 1
0.458168 1
0.056900 1
0.745230 11
0.003157 112
11.211176 1
0.137443 1
0.547929 1
0.737298 1
1.431385 1
0.084911 1
5.105482 1
0.149198 1
0.227341 1
0.536083 1
0.154797 1
0.172365 1
1.208957 1
1.378828 1
0.972915 1
0.487797 1
0.179475 1
1.225728 1
0.184530 1
1.190551 11
0.002507 55
0.000366 41
0.000016 42
0.001859 17
0.000569 8
0.000055 104
3.055461 19
0.569962 1
0.500560 1
0.030402 1
0.029551 1
0.030031 1
0.030439 1
0.031169 1
0.030851 1
0.031078 1
0.030921 1
0.029866 1
0.030296 1
0.030502 1
0.029452 1
0.633322 3
1.248283 5
0.779809 11
0.005790 112
0.538268 1
0.686510 20
1.252196 1
0.499885 1
0.030111 1
0.030021 1
0.030269 1
0.030408 1
0.378387 1
0.186808 1
0.221111 1
0.176349 1
0.129825 1
0.135218 1
0.311628 1
0.688012 5
0.402184 5
0.858140 11
0.002389 55
0.000424 41
0.000014 42
0.001836 17
0.000596 112
8.396553 1
0.239832 1
0.525168 1
0.097646 1
0.205258 1
0.879039 1
0.493213 1
0.361326 1
1.112580 1
0.358991 1
0.330567 1
0.554129 1
0.159382 1
0.377398 1
0.878400 1
0.292224 1
0.439763 1
0.137207 1
0.210814 1
0.735865 11
0.003505 220
0.000014 78
0.001044 112
2.828194 19
0.447844 1
0.635848 1
0.173515 1
0.373486 1
0.791437 13
0.064364 9
1.431286 11
0.003307 129
0.000169 221
0.000701 112
20.035577 1
0.226722 1
0.463753 1
0.111639 1
0.200643 1
0.603891 1
0.772411 1
0.066019 1
0.265245 1
0.948145 1
0.199066 1
0.306285 4
1.044257 1
0.342382 5
2.372690 11
0.003602 101
0.000181 84
0.000607 59
0.000664 112
12.989864 1
0.109784 1
0.256766 1
0.169646 1
1.273494 1
0.470816 1
0.294397 1
0.169831 1
0.821305 1
0.083607 1
0.459213 1
1.213697 1
0.691172 4
1.297226 1
1.165471 1
1.793582 4
0.662451 1
1.044822 1
0.974989 1
0.228436 1
0.039714 1
1.188496 1
0.117538 1
1.910786 1
0.239236 1
0.256339 1
0.497103 1
1.572362 1
0.158772 1
0.261448 1
1.141165 1
0.724758 1
0.529558 1
0.309520 1
0.230585 1
0.748900 1
0.895547 1
0.356423 1
0.086961 1
0.712634 1
0.409272 1
0.160686 1
0.104163 1
1.425172 11
0.095591 112
13.344127 1
0.114018 1
0.202003 1
0.377263 1
0.195774 1
0.269841 1
0.493915 1
0.150902 1
0.188448 1
0.446650 1
0.718379 1
0.268737 1
0.249398 1
0.224064 1
0.722197 1
0.206680 1
1.444029 1
0.444071 1
0.320423 1
0.176961 1
0.080940 1
1.456176 11
0.002648 20
0.741941 16
0.000702 112
17.488145 1
0.065013 1
0.200012 1
0.949207 1
0.527666 1
0.097760 1
0.513731 1
1.098946 1
0.048035 1
1.172500 1
1.064207 1
0.776623 1
0.232425 1
0.524096 1
0.143035 1
0.210990 1
1.325262 1
0.595409 1
0.280143 1
0.227796 1
0.272474 1
0.376262 1
0.160894 1
0.397801 1
0.444889 1
0.886808 1
0.527338 1
0.046065 1
4.281021 11
0.002519 20
0.730747 16
0.000506 112
8.802517 1
1.446657 1
0.484097 1
0.055751 1
0.147844 1
0.657015 1
0.750131 1
0.476340 1
0.340467 1
0.119231 1
0.322622 1
0.390339 1
0.324510 1
1.296444 11
0.003234 112
1.938629 1
0.225056 1
0.765827 1
0.198194 1
0.225369 1
0.471301 1
0.312114 1
0.243682 1
0.479169 1
0.490694 1
0.450529 4
0.284277 1
0.192955 1
1.362744 1
0.810020 1
0.375977 1
0.078046 1
0.184568 1
1.273321 1
0.594879 1
0.140563 1
0.188158 1
0.591442 1
0.491870 7
3.871370 11
0.003360 22
0.000054 37
0.145625 2
0.000516 112
13.907647 1
0.575813 4
0.289770 1
0.527267 1
0.466123 1
0.109157 1
0.184914 1
0.750788 1
0.306534 1
0.293054 1
0.496388 1
0.416523 1
0.254930 1
1.352706 1
0.469532 1
0.452771 4
0.278872 1
0.463368 1
0.345248 1
0.239011 1
1.439827 1
1.766032 1
0.306259 1
9.895245 1
0.892316 1
0.220885 7
3.231235 1
3.618196 7
0.070539 3
3.624441 3
0.214792 1
0.735401 11
0.003354 22
0.000187 37
0.147927 2
0.000506 112
10.539627 1
0.090052 1
1.074652 1
0.644080 1
0.432921 1
0.083567 1
0.577737 1
0.483826 1
0.155566 1
0.233545 1
0.282620 1
0.390444 1
1.047892 11
0.003196 112
13.132813 1
0.278182 1
0.447651 1
0.107039 1
0.194908 1
0.658043 1
0.376451 1
0.232003 1
0.500412 1
0.112521 1
0.407411 1
0.368019 1
1.222631 1
0.396748 1
0.250126 1
0.311660 1
3.468425 11
0.003491 22
0.000047 37
0.000227 39
0.000622 41
0.000725 112
1.317325 16
0.603559 1
0.136465 1
0.084377 1
0.457334 1
0.904727 13
0.064605 9
1.125162 11
0.003584 22
0.000169 57
0.000043 2
0.000060 37
0.000156 39
0.000677 2
0.000737 112
10.478069 1
0.055877 1
0.391587 1
0.049490 1
0.448584 1
1.285080 11
0.007811 18
0.000021 780
0.000604 112
3.104053 1
0.062410 1
0.293534 1
0.066383 1
0.434846 1
0.810890 1
1.034388 1
0.177687 6
1.388515 1
0.268561 1
2.004423 2
0.000039 9
0.003268 82
0.000731 112
4.940253 1
0.071930 1
0.894225 1
0.075305 1
0.340257 1
0.284501 1
0.807821 1
0.660569 6
0.585177 1
0.730589 1
0.754564 11
1.633527 11
0.003285 72
0.000445 8
0.000029 104
5.685232 1
0.070159 1
0.244372 1
0.108615 1
0.604668 4
0.167822 4
0.148357 4
0.110041 4
1.340031 1
0.075806 1
0.268030 1
0.066410 1
0.278887 1
1.484168 1
1.338053 1
0.128107 1
0.499751 1
0.247627 1
0.930719 1
0.494208 11
0.003230 15
0.000065 183
0.000655 112
13.642945 108
3.807963 108
0.021284 108
0.035963 108
0.182012 108
15.086403 1
0.835160 1
0.368079 1
0.337466 1
3.947977 1
0.401053 1
0.063966 1
0.320397 10
0.896795 11
0.003184 112
12.073569 1
0.638270 1
0.096754 1
0.191861 1
0.778763 1
0.601401 1
0.245879 1
0.300205 1
0.466078 1
0.139898 1
0.323215 8
0.946751 1
0.339506 1
1.023235 1
0.860632 1
0.121330 1
0.574410 1
0.435399 7
1.278837 4
0.448639 1
2.009746 1
0.093466 1
10.110468 11
0.002988 112
9.651326 1
0.112126 1
0.224312 1
0.592814 1
0.110735 1
0.207020 1
0.679962 1
0.630091 1
0.146366 1
0.241466 1
0.300232 1
0.097514 1
0.371670 13
1.368637 11
0.004056 112
7.274152 1
0.331581 1
0.245945 1
0.206069 1
0.806270 1
0.476963 1
0.434639 1
0.744435 4
0.286876 1
0.216064 1
1.102708 1
0.161402 1
0.256911 1
0.286822 8
1.041742 11
0.004749 112
6.634506 1
0.472668 1
0.121635 1
0.186584 1
0.445189 1
1.539391 1
0.269423 1
0.579347 1
0.152292 1
0.362056 1
0.344551 12
1.308827 11
0.002370 125
0.000568 112
19.206636 1
0.431887 1
0.460282 1
0.095320 1
0.117138 1
0.494910 1
1.091150 1
1.022823 1
0.413068 1
0.258495 1
0.249726 1
0.293383 1
0.169049 1
0.122981 1
0.313519 1
0.732121 11
0.003150 112
1.191148 1
0.082662 1
0.249428 1
1.303444 1
0.550691 1
1.512932 1
1.982279 1
0.975927 1
1.185916 1
0.386720 1
0.531797 1
1.712632 1
0.357213 1
0.477633 1
0.957785 1
2.133725 1
0.379575 1
0.172249 1
0.507274 1
0.197249 1
0.407975 1
5.251280 4
0.500011 4
0.029476 4
0.030578 4
0.030167 4
0.031124 4
0.030975 4
0.029709 4
0.031124 4
0.031060 4
0.030679 4
0.030175 4
0.030620 4
0.029696 4
0.030861 4
0.030333 4
0.030139 4
0.030222 4
0.030278 1
0.030175 1
0.028719 1
0.030406 1
0.030563 1
0.032874 1
0.029272 1
0.585529 15
1.045255 1
0.142407 1
0.149176 1
0.129868 1
0.132438 1
0.111669 1
0.132104 1
0.371970 1
1.067066 21
0.061830 17
1.206310 3
0.500391 3
0.030207 3
0.029903 3
0.030368 3
0.030757 3
0.031001 3
0.029235 3
0.030539 1
0.030199 1
0.029816 1
0.031248 1
0.030233 1
0.031277 1
0.030283 1
0.030434 1
0.030068 1
3.231523 4
0.499408 4
0.030540 4
0.031176 4
0.029577 4
0.030413 4
0.030906 4
0.030741 4
0.029293 4
0.031227 4
0.030283 4
0.030245 4
0.031560 4
0.030026 4
0.030419 4
0.030112 1
0.030754 1
0.030461 1
0.030394 1
0.029863 1
0.030527 1
0.813472 1
0.094659 1
1.275665 1
0.100404 1
0.116366 1
0.849962 1
0.946466 1
0.507231 1
0.949565 8
1.010211 11
0.029966 8
0.000028 104
1.284697 16
0.396466 35
1.333970 1
0.124540 1
0.151714 1
0.122352 1
0.133617 1
0.126392 1
0.105453 1
0.128427 1
0.963967 21
0.058461 17
0.883961 11
0.002563 112
2.340245 1
0.057296 1
0.477590 1
0.586338 1
2.005053 1
1.122961 1
0.057932 1
0.354830 1
0.785288 1
0.073605 1
0.467399 8
1.406219 11
0.004004 112
0.726521 1
0.047556 1
0.431900 1
0.360240 1
0.275096 1
0.354714 8
1.308933 11
0.000370 132
10.612568 1
0.133991 1
0.813140 1
0.432175 1
0.097363 1
0.245704 1
0.635062 1
0.301974 1
0.069339 1
0.339923 13
1.190908 11
0.005718 132
9.830368 1
0.140983 1
0.221975 1
0.378071 1
0.101243 1
0.196597 1
0.668107 1
0.637913 1
0.121677 1
0.259238 1
0.946611 1
0.129502 1
0.255019 1
0.273902 10
2.139296 1
0.289038 1
0.381844 1
1.565576 1
0.517057 4
0.604073 1
0.175106 1
0.135170 1
0.287379 1
1.165406 4
0.290758 4
0.351106 1
0.055909 1
0.187222 1
1.166177 1
0.554629 3
0.109289 1
0.110602 1
5.472308 11
0.004024 132
20.641328 1
0.177896 1
0.256903 1
0.385189 1
0.114070 1
0.184883 1
1.664123 1
0.489771 1
0.576681 1
0.327220 1
0.258555 1
0.126762 1
0.298419 12
1.004838 11
0.004716 132
23.371576 1
0.057003 1
0.816321 1
0.283413 1
0.129120 1
0.326352 11
0.000400 112
1.424993 1
0.070119 1
0.489485 1
0.139776 1
0.284053 1
0.437844 11
0.003433 18
0.000045 381
0.000021 218
0.000027 284
0.000027 144
0.000660 8
0.000029 104
3.200322 1
0.455458 1
0.071369 1
0.367870 1
0.040338 1
0.282245 1
1.027051 1
0.939830 1
0.257677 1
0.481883 8
1.556607 11
0.003272 76
0.000019 140
0.000042 137
0.000775 112
19.678029 1
0.067975 1
0.290793 1
0.543392 1
0.128615 1
0.348422 1
0.204013 1
0.330165 1
0.099034 1
1.216949 1
0.456820 1
0.177893 1
0.085562 1
0.632027 1
0.573780 1
0.106787 1
0.239207 1
0.205423 1
1.007737 1
0.085662 1
0.970069 1
0.218869 1
0.420762 1
0.173802 1
0.091327 1
0.852547 11
0.003471 112
2.058587 1
0.061916 1
0.613449 1
0.511953 1
0.128141 1
0.646749 1
0.373734 7
1.162558 1
0.802885 1
0.155145 1
0.263289 1
0.238781 1
0.135867 1
0.481665 1
0.597174 1
0.268874 1
0.157375 1
0.068862 1
1.765248 11
0.003321 112
1.008419 1
0.044363 1
0.460357 1
0.310482 1
0.088262 1
0.370266 13
1.230450 4
0.146522 4
0.125610 4
0.110632 4
3.070957 1
0.353715 1
0.111328 1
0.310027 13
0.493749 4
0.499690 4
0.030865 4
0.029956 4
0.029662 4
0.030485 4
0.029877 4
0.030195 4
0.029690 4
0.954233 1
0.302767 1
0.629922 1
0.263376 1
0.123374 1
0.730284 4
0.125343 4
0.221076 4
0.312553 4
0.792688 1
0.996995 1
0.311063 1
0.102292 1
0.105701 1
1.199493 11
0.002973 68
0.000170 58
0.000781 112
20.240051 1
0.057789 1
2.038862 4
0.161565 4
0.205431 1
19.899982 1
0.054035 1
0.863902 1
2.709615 4
0.252485 4
0.131191 4
0.127916 1
1.148300 1
0.080422 1
1.144049 1
3.214355 1
0.692873 1
0.324947 8
2.387714 1
0.065627 1
1.850300 1
0.122915 1
0.212349 1
0.219410 1
0.162386 1
1.216398 1
0.403967 1
0.145973 1
0.072088 1
2.127354 1
0.442111 1
0.027415 1
0.454184 13
1.162075 4
0.144295 4
0.467534 4
0.492176 4
1.872140 1
0.130590 1
0.098615 1
0.393319 1
0.384708 9
0.586365 11
0.003564 112
1.803402 1
0.046097 1
0.409068 11
0.002870 360
0.000561 112
13.445486 1
0.326112 1
0.225074 1
0.883740 1
0.592651 1
0.419074 1
1.383158 1
0.056332 1
0.980810 1
0.470083 1
0.264976 1
1.603152 1
0.269659 1
0.200002 1
0.992017 1
0.853405 1
0.332656 1
0.242480 1
0.584302 1
0.342425 1
0.084361 1
0.664782 6
1.039310 1
0.685185 1
0.274228 1
0.153176 1
0.548206 1
1.546972 1
0.588703 1
0.068743 1
0.237174 1
0.496902 4
1.838828 1
0.705067 5
1.917050 1
0.114957 1
0.268414 1
1.321491 3
0.830212 1
0.875224 1
0.293093 1
0.219599 1
0.628279 4
0.139848 4
0.581384 1
0.287900 1
0.141056 1
1.565203 11
0.029817 27
0.000061 12
0.000843 112
13.724523 1
0.291329 1
0.655988 1
0.254888 1
0.644973 1
0.323925 1
0.450468 1
0.341167 1
1.122068 1
0.611934 1
0.238565 1
0.429101 1
10.172028 4
0.500996 4
0.030631 4
0.030390 4
0.029809 4
0.031117 4
0.030936 4
0.030796 4
0.029215 4
0.030855 4
0.032207 4
0.030192 1
0.030843 1
0.029778 1
0.029058 1
0.030288 1
0.030292 1
0.031087 1
0.029529 1
0.031064 1
0.030868 1
0.030732 1
0.859638 1
0.062018 1
0.269184 11
0.002826 370
0.000656 112
2.678202 2
0.654832 56
1.373000 1
0.500410 1
0.031182 1
0.030097 1
0.029836 1
0.030154 1
0.030076 1
0.030071 1
0.030533 1
0.029900 1
0.030532 1
0.031365 240
0.030069 1
0.030064 1
0.030859 1
0.031697 1
0.030570 1
0.030737 1
0.030385 1
0.030693 1
0.030505 1
0.030358 1
0.030175 1
0.030388 1
0.030875 1
0.030783 1
0.030399 1
0.030494 1
0.031123 1
0.030501 1
0.030043 1
0.029600 1
0.030547 1
0.030330 1
0.028913 1
0.030286 1
0.030459 1
0.030971 1
0.030074 1
0.030702 1
0.592324 3
0.795336 196
0.766314 14
0.003931 27
0.000058 12
0.000642 112
11.013881 1
0.094900 1
1.478996 57
2.067158 4
0.500903 4
0.030343 4
0.030678 4
0.030058 4
0.030573 4
0.030112 4
0.030237 4
0.030175 4
0.030888 4
0.031124 4
0.030295 4
0.030107 489
0.030581 4
0.031614 4
0.029959 4
0.030338 4
0.031424 4
0.030872 4
0.030966 4
0.030832 4
0.029906 4
0.031163 4
0.029613 4
0.030963 4
0.030498 4
0.029960 4
0.031390 4
0.030118 4
0.029872 4
0.030614 4
0.029572 4
0.029057 4
0.030570 4
0.030411 4
0.372614 1
0.499371 1
0.030346 1
0.028802 1
0.353253 1
0.371472 5
0.233673 1
0.499821 1
0.030036 1
0.200434 1
0.180761 1
0.618354 5
0.499604 5
0.030827 5
0.029976 5
0.030548 5
0.030350 5
0.029486 5
0.031015 5
0.030213 5
0.029917 1
0.030667 1
0.029258 1
0.030117 1
0.029760 1
0.030858 1
0.028722 1
0.033591 1
0.031039 1
0.142980 5
0.109684 5
0.148641 5
0.552303 11
0.002533 51
0.000178 58
0.000551 112
2.725915 13
1.360961 1
0.155173 1
0.117659 1
0.351885 1
0.305650 5
4.176138 5
0.788824 11
0.002899 112
1.825148 1
0.058129 1
0.155672 11
0.002823 382
0.000900 112
6.780243 1
0.061852 1
0.204759 1
0.744470 1
0.274792 1
0.426961 1
0.245947 1
0.990772 1
0.058493 1
0.712838 1
0.264016 1
0.248633 1
0.343137 1
1.055723 155
0.247739 155
1.937334 1
0.267775 1
0.196982 1
0.349467 1
0.930632 1
3.961071 1
1.295452 1
0.256529 1
0.186722 1
0.364583 11
0.003550 265
0.000831 112
3.437835 20
0.487524 1
0.500211 1
0.030061 1
0.030257 1
0.030616 1
0.030043 1
0.030140 1
0.030384 1
0.030051 1
0.031155 1
0.031024 1
0.031308 1
0.030191 1
0.030221 1
0.900819 5
2.214729 11
0.003615 183
0.000701 112
30.946533 1
0.291656 1
0.138612 1
0.237872 1
1.075319 1
0.320272 1
1.151049 2
0.086818 2
0.209931 2
0.141645 2
0.442094 1
0.419551 4
0.108527 2
0.227162 1
0.261073 2
0.094965 2
0.164700 2
0.140146 2
0.099999 2
0.085745 2
0.452249 1
0.125636 1
0.910250 2
0.982438 4
0.658603 1
0.772189 1
0.511849 1
0.153797 1
0.630451 1
0.579358 1
0.110678 1
0.267349 1
0.752722 4
0.692909 1
0.757597 1
0.366016 1
0.120969 1
0.077422 1
0.973655 11
0.000438 112
0.776671 47
0.334288 1
0.499836 1
0.030058 1
0.029396 1
0.031031 1
0.029098 1
0.030729 1
0.031113 1
0.029977 1
0.030503 1
0.030684 1
0.029802 1
0.030415 1
0.030341 1
0.241875 1
0.195967 1
0.711525 5
0.429550 5
0.407724 11
0.000409 112
1.187805 47
0.430687 1
0.499633 1
0.030988 1
0.030884 1
0.030280 1
0.030774 1
0.029384 1
0.031058 1
0.031539 1
0.030318 1
0.029906 1
0.030699 1
0.030158 1
0.279786 1
0.194401 1
0.177282 1
0.833884 5
0.089979 5
2.027124 11
0.000334 112
0.644584 47
0.444404 1
0.500558 1
0.030067 1
0.230885 1
0.696060 13
0.111322 13
0.114534 13
0.123293 13
0.127198 13
0.313139 13
0.822179 13
0.450381 9
0.152885 9
0.260839 9
0.065153 9
0.187658 9
0.340477 9
1.245688 13
0.069334 9
1.816248 11
0.000349 112
0.739800 46
1.529550 1
0.500589 1
0.030804 1
0.030992 1
0.030353 1
0.029655 1
0.030605 1
0.030465 1
0.030338 1
0.030334 1
0.206824 1
0.161180 1
0.131894 1
0.129686 1
0.276568 1
0.747654 5
0.080528 5
0.534781 11
0.000394 112
0.607456 46
0.292931 1
0.500365 1
0.030292 1
0.029914 1
0.029822 1
0.030379 1
0.030377 1
0.030985 1
0.029878 1
0.030467 1
0.030534 1
0.030170 1
0.029824 1
0.030447 1
0.279288 1
0.626258 5
0.073938 5
1.103692 11
0.000268 112
3.887180 1
0.032665 1
0.230661 1
0.508032 1
0.181437 1
0.173879 1
0.117400 1
0.183984 1
0.037200 1
0.187877 1
1.081035 4
0.108545 4
0.111772 4
0.125825 4
0.099527 4
0.661402 1
0.127389 1
0.286524 1
0.085933 1
0.160542 1
1.026241 1
0.245358 1
0.782280 1
0.164788 1
0.074183 1
1.324600 11
0.038139 75
0.000748 122
0.000273 105
0.000043 221
0.000006 208
0.000065 64
0.000011 53
0.000008 38
0.000005 30
0.000012 48
0.000010 48
0.000006 29
0.000007 22
0.000005 40
3.058841 22
0.007031 22
0.007168 22
0.007433 22
0.007170 22
0.007267 23
0.007509 23
0.006994 23
0.007297 23
0.007141 23
0.007409 23
0.007270 23
0.007356 23
0.014576 23
0.007216 23
0.007343 31
0.007160 23
0.007329 23
0.007437 34
0.000169 23
0.006920 18
0.000132 42
0.014326 18
0.000029 16
0.000009 15
0.000008 11
0.007111 60
0.007263 34
0.000014 26
0.007397 34
0.000014 24
0.007096 60
0.007240 18
0.000138 39
0.007125 64
0.014632 54
0.014472 65
0.007162 72
0.014710 52
0.007128 34
0.000117 25
0.007036 6
0.000013 12
0.000008 16
0.000171 23
0.007249 58
0.007493 60
0.007164 85
0.007173 34
0.000037 23
0.007082 18
0.000144 39
0.007213 18
0.000012 16
0.000189 23
0.014300 34
0.000028 33
0.014693 34
0.000028 22
0.065474 34
0.000173 24
0.036062 34
0.000028 27
0.050868 61
0.058109 34
0.000151 36
0.007238 18
0.000036 51
0.021835 54
0.014362 18
0.000176 57
0.014519 75
0.006981 18
0.000056 16
0.000029 41
0.007200 49
0.007517 18
0.007062 18
0.007023 18
0.342342 18
0.007021 6
0.000054 12
0.006976 6
0.000041 12
0.007414 6
0.000051 12
0.007080 6
0.000086 12
0.007302 6
0.000050 12
0.007025 6
0.000064 12
0.007472 6
0.000077 12
0.007150 18
0.007321 18
0.007382 18
0.007326 18
0.007333 18
0.007066 18
0.007422 18
0.007249 18
0.007212 18
0.007179 18
0.007539 18
0.006903 6
0.000038 12
0.007361 6
0.000177 12
0.006892 6
0.000016 12
0.007589 6
0.000185 12
0.006514 6
0.000066 12
0.007701 6
0.000033 12
0.006874 6
0.000054 12
0.007275 6
0.000032 12
0.007410 18
24.137598 6
0.000108 5
0.000017 52
0.000042 8
0.000999 112
2.837572 1
0.216237 1
0.262899 1
0.936010 1
0.603819 1
0.729505 1
0.531772 1
0.043237 1
0.740360 1
0.368644 1
0.253293 1
0.486392 9
3.044507 1
0.136793 1
0.340388 1
0.153213 1
0.329599 1
0.048823 1
0.634588 1
0.675715 1
0.291069 1
0.139124 1
0.077610 1
1.030040 1
0.632853 1
0.105207 1
0.250312 1
0.044083 1
0.181314 1
0.872287 1
0.248661 1
0.267552 1
0.260771 1
0.546454 4
0.172457 4
0.392907 1
0.290477 1
0.124215 1
2.331284 11
0.003810 25
0.001084 112
37.239202 1
0.064096 1
2.079749 1
0.511551 1
0.084263 1
0.257895 1
0.147256 1
0.209710 1
0.067079 1
1.253720 1
0.248487 1
0.121706 1
0.115051 1
7.017951 4
0.500193 4
0.030519 4
0.029435 4
0.031007 4
0.030879 4
0.031781 4
0.030725 4
0.030990 4
0.030095 4
0.029980 4
0.030595 4
0.029812 4
0.030800 1
0.030953 1
0.028093 1
0.030187 1
0.029820 1
0.032324 1
0.029270 1
0.314749 1
0.051784 1
0.194712 11
0.002890 382
0.000817 112
6.162805 1
0.116361 1
0.424851 1
0.387815 1
0.101317 1
0.289556 6
1.560547 1
3.354402 1
0.421977 1
0.118923 1
0.122817 1
0.477862 1
0.562071 1
0.055728 1
0.620419 1
0.474131 1
0.137693 1
0.598204 1
0.169594 1
1.666651 1
0.257855 1
0.116954 1
0.103961 1
0.717247 11
0.003416 112
0.595517 1
0.076672 1
0.221855 11
0.002879 401
0.000679 112
5.028869 1
0.077458 1
0.667029 1
0.514343 1
0.092777 1
0.252787 1
0.161610 1
0.206735 1
0.071408 1
1.213432 1
0.207053 1
0.117265 1
0.125683 1
0.722608 1
0.560586 1
0.087000 1
0.210250 1
0.189092 1
0.181909 1
0.078206 1
0.661880 1
0.998122 1
0.306448 1
0.143365 1
0.117018 1
1.338499 11
0.003746 112
1.766933 1
0.087175 1
0.607901 1
0.506209 1
0.137113 1
0.283157 1
0.031317 1
0.178640 1
0.425170 1
1.164291 1
0.114447 1
0.108315 1
1.089582 1
0.484631 1
0.139507 1
0.376193 1
0.022379 1
0.181365 1
0.657549 1
0.219813 1
0.248489 1
0.138931 1
0.097835 1
2.737554 11
0.003679 112
2.767507 1
0.510917 1
0.387978 4
0.161750 4
0.327364 1
0.154302 1
0.283606 1
0.219652 1
0.072353 1
1.048981 1
0.231196 5
1.744109 1
0.303274 1
0.112904 1
0.099601 1
0.998387 1
0.374883 1
0.084699 1
0.535533 1
0.215658 5
0.871716 1
0.370309 1
0.294840 1
0.077886 1
0.128947 1
0.988972 11
0.003588 112
11.816796 27
0.163799 48
0.451075 42
0.297079 30
0.423218 29
0.356967 32
0.337080 44
2.463144 154
0.532558 88
0.397095 62
0.331726 62
0.220899 21
0.246679 66
0.264939 66
0.225283 60
0.461750 61
0.347406 25
1.033906 4
0.112274 4
0.110947 1
0.124959 1
1.442229 1
0.222809 1
0.203048 1
0.249010 1
0.832249 1
0.705271 1
0.600432 1
0.072416 1
0.497100 1
0.656360 1
0.257292 1
0.321069 1
0.232473 1
0.221803 1
0.399692 1
0.564698 1
0.290642 1
0.299669 1
0.168521 1
1.106751 1
0.335943 1
0.095948 1
0.390425 6
0.587336 1
0.327214 5
1.806708 1
0.062446 1
0.268536 1
0.424447 4
0.219081 1
0.688056 5
2.501364 1
0.266394 1
0.248983 1
0.075168 1
0.173480 1
0.392736 1
1.490296 1
0.415700 5
1.216762 2
0.000235 9
0.003661 27
0.000184 12
0.000700 112
10.410892 1
0.340462 1
0.213941 1
0.296712 1
0.591561 1
1.877891 1
0.966065 1
0.446663 1
0.330037 1
0.272506 1
0.406751 1
1.106933 4
0.577971 1
0.300410 4
0.538880 1
0.966713 5
3.280522 1
0.643019 1
0.217691 1
0.398812 3
0.325065 1
0.911968 1
0.787192 1
0.252508 1
0.160571 1
1.189180 11
0.004156 112
12.273484 1
0.259180 1
0.208851 1
0.925973 1
0.153459 1
0.692176 1
0.406834 1
0.266559 1
1.026224 1
0.605101 1
0.258133 1
0.261066 1
0.242068 1
1.170544 1
0.742406 1
0.417825 1
0.251416 1
0.180212 1
2.206288 1
0.501538 1
0.030323 1
0.031097 1
0.029844 1
0.030455 1
0.029636 1
0.030200 1
0.030404 1
0.030086 1
0.813008 3
0.107535 19
1.714396 11
0.003889 487
0.000761 8
0.000030 104
14.492301 19
0.142346 38
0.109651 75
0.144660 341
0.495903 48
0.601167 42
0.787926 1
0.215803 1
0.124601 1
0.125035 1
0.864421 13
0.040181 9
0.680258 11
0.003554 112
0.724365 25
0.076755 48
0.499600 38
0.317723 75
0.399610 341
1.100195 48
0.670589 1
0.120089 1
0.132107 1
0.347437 1
1.464057 13
0.067289 9
0.617248 11
0.003714 112
0.464849 23
0.157806 42
0.131519 48
0.385634 38
0.315509 75
0.513688 341
0.867027 1
0.116108 1
0.138536 1
0.250593 1
0.809269 13
0.076754 9
0.821583 11
0.003388 8
0.000178 104
1.136897 1
0.283944 1
0.218598 1
1.729179 1
0.546280 1
0.534934 1
0.151277 1
2.459761 4
0.393984 1
0.321188 1
0.243392 1
0.650481 1
0.343310 1
0.262733 1
0.297356 1
0.265777 1
0.241180 1
0.892146 1
0.745983 1
0.511881 1
0.294487 1
0.220507 1
1.088784 1
0.418481 1
0.092262 1
0.663071 6
1.100041 1
0.196614 5
0.334601 1
0.882318 4
0.731532 1
0.502760 1
0.356407 5
0.702693 1
0.245859 5
2.664533 1
0.293104 1
0.344523 4
0.954399 1
0.314445 5
1.295228 11
0.003716 27
0.000039 12
0.001202 112
17.711693 1
0.108496 1
0.844954 1
0.099351 1
0.192368 1
0.252049 1
0.072298 1
1.975869 1
0.329414 1
0.282004 1
0.343586 1
0.304089 1
0.051758 1
0.616670 1
0.061966 1
0.480886 11
0.022675 35
4.474439 2
0.080541 57
7.680929 1
0.074311 1
0.750329 1
0.240039 1
0.661365 1
0.200013 1
0.272379 1
0.249373 1
1.378101 1
0.383664 1
0.755002 1
0.560810 1
0.210306 1
0.443276 1
0.743697 1
1.288023 1
0.076698 1
0.432075 1
0.127398 1
1.393137 1
0.361486 1
0.298900 1
0.241423 1
0.460214 1
0.056652 1
0.226350 1
0.065779 1
1.698130 1
0.531265 1
0.313226 1
0.424116 3
0.975549 1
0.848188 1
2.881803 1
0.422383 1
0.430844 1
0.398514 1
0.213204 1
1.451162 11
0.003157 128
0.000624 57
9.027146 38
3.389588 94
0.028442 94
0.025468 94
0.032299 94
0.044059 94
0.029133 94
0.028656 96
0.028790 94
0.043281 91
3.714510 4
0.499952 4
0.029859 4
0.030213 4
0.030405 4
0.031271 4
0.030304 4
0.030435 4
0.030569 4
0.030737 4
0.030815 4
0.030740 4
0.031446 4
0.030058 4
0.030502 4
0.029982 4
0.030850 4
0.030802 4
0.030821 4
0.030565 4
0.030671 4
0.030786 4
0.030836 4
0.029763 4
0.030832 4
0.030898 4
0.030625 4
0.031032 4
0.029700 4
0.031465 4
0.030878 4
0.029596 4
0.029570 4
0.032510 4
0.030827 4
0.029976 4
0.029867 4
0.030522 4
0.030028 1
0.030137 1
0.027878 1
0.029725 1
0.030154 1
0.032088 1
0.028496 1
0.031963 1
0.029397 1
0.029599 1
0.028847 1
0.031687 1
0.031188 1
0.030831 1
0.031348 1
0.030424 1
0.030076 1
0.029975 1
0.029893 1
2.321122 1
0.589416 1
2.683947 1
0.084428 1
0.700611 1
0.350077 1
0.392998 1
0.265710 1
0.275236 1
0.239314 1
1.264105 1
0.452147 1
0.391385 1
0.301893 1
0.266437 1
0.968283 4
0.157110 4
0.129983 4
0.367788 4
0.572239 1
0.808690 1
0.251935 1
0.210761 1
2.487026 1
0.711012 1
0.758533 1
0.082844 1
0.323515 1
0.185290 1
1.011541 1
0.482946 1
0.266965 1
0.365875 1
0.320081 1
0.064321 1
0.202243 1
0.086519 1
1.629370 1
0.187912 1
0.254235 1
0.234049 1
0.260528 1
0.202597 1
0.469693 1
0.439565 1
0.426185 1
0.400401 1
0.203470 1
2.398283 11
0.002785 90
0.000040 38
0.026908 57
319.242027 38
0.099363 41
0.550109 38
0.338285 41
0.160290 1
0.097028 1
0.313572 38
0.781020 11
0.002884 90
0.000054 38
0.000580 8
0.000060 49
16.413303 1
0.850255 4
0.131561 1
0.100147 1
0.547561 38
0.201186 1
0.500025 1
0.029057 1
0.031046 1
0.029747 1
0.031138 1
0.030368 1
0.030911 1
0.030838 1
0.030560 1
0.030629 1
0.030173 1
0.030601 1
0.031144 1
0.031005 1
0.030257 1
0.028551 1
0.031100 1
0.029872 1
0.031672 1
0.030409 1
0.030789 1
0.028767 1
0.031384 1
0.029052 1
0.030603 1
0.030068 1
0.030020 1
0.031088 1
0.030510 1
0.030731 1
0.029959 1
0.031508 1
0.031366 1
0.031256 1
0.030086 1
0.030376 1
0.029983 1
0.030176 1
0.030565 1
0.030747 1
0.031131 1
0.029794 1
0.031778 1
0.030808 1
0.031289 1
0.945045 5
0.097805 193
0.367194 195
0.084553 195
0.186722 195
0.657336 14
0.012264 36
6.483024 2
0.038008 130
0.000377 57
18.013344 1
0.230844 1
0.197871 1
0.684227 1
0.700771 1
0.518495 1
2.124462 1
1.046230 1
0.060409 1
0.484216 1
0.361455 1
0.232541 1
0.553592 1
0.294341 1
0.214478 1
0.732893 1
0.433576 1
0.480457 1
0.109591 1
0.541452 1
1.023834 11
0.002997 77
0.000116 102
0.000873 57
6.911834 20
0.668843 63
2.521021 1
0.500021 1
0.029858 1
0.030641 267
0.030940 1
0.030693 1
0.029537 1
0.031131 1
0.031189 1
0.030917 1
0.031646 1
0.030073 1
0.030832 1
0.030151 1
0.029953 1
0.029845 1
0.030926 1
0.030156 1
0.030110 1
0.030066 1
0.031212 1
0.030676 1
0.030040 1
0.030290 1
0.030786 1
0.030859 1
0.030990 1
0.031114 1
0.030147 1
0.029912 1
0.030536 1
0.030492 1
0.030563 1
0.030450 1
0.029683 1
0.030023 1
0.030999 1
0.029931 1
2.573686 246
1.326915 4
0.499308 4
0.030546 4
0.030525 4
0.030855 4
0.030600 4
0.030088 4
0.031229 4
0.031477 4
0.029751 4
0.029846 4
0.031466 4
0.029921 4
0.031156 4
0.031327 4
0.031543 4
0.028624 4
0.032658 4
0.030702 4
0.030482 4
0.029099 1
0.031452 1
0.029085 1
0.030097 1
0.029770 1
0.030341 1
0.030304 1
0.644283 1
1.607640 1
0.108722 1
1.018155 1
0.824580 17
0.005215 112
2.407496 1
0.132994 1
0.401991 1
0.112106 1
0.223576 1
0.527365 1
0.105003 1
0.230216 1
0.094713 1
0.252560 1
0.489130 1
0.223358 1
0.058152 1
0.417092 1
0.084633 1
1.258693 11
0.023921 57
9.170064 1
0.089629 1
0.206852 1
0.161993 1
0.352002 1
0.850255 1
0.312822 1
0.308768 1
1.087812 1
0.444421 1
0.362721 1
0.249157 1
0.235997 1
0.257383 1
1.912690 1
0.885158 1
0.108587 1
0.361006 1
0.018823 1
1.555656 1
0.296731 1
0.351516 1
0.377417 1
0.390143 1
0.034977 1
0.262156 1
0.063766 1
1.954694 1
0.251006 1
0.256587 1
0.249943 1
0.277117 1
0.230223 1
2.027207 1
0.831022 1
0.566994 1
0.296751 1
0.185274 1
4.834837 11
0.003113 128
0.000659 57
54.825077 1
0.581803 1
0.161240 1
0.131195 1
1.575708 17
0.002421 112
142.844799 2
0.092947 2
0.662177 4
0.131034 4
0.112796 1
0.542133 1
0.088009 1
0.794470 1
1.499141 1
0.565884 4
0.147212 4
0.579691 1
0.082664 1
0.269395 1
0.115256 1
1.121648 1
0.623092 1
0.329372 1
1.659534 1
0.561076 1
0.237966 1
0.393951 1
0.277310 1
0.212370 1
0.454882 1
0.386836 1
0.900801 1
0.236146 1
0.173098 1
3.514302 11
0.002772 112
40.552725 1
0.097702 1
0.733991 1
0.177813 1
0.186231 1
0.158671 1
0.184828 1
0.151304 1
0.203336 1
0.471100 1
1.086773 1
0.031933 1
0.239535 1
0.059475 1
0.341732 11
0.112458 668
0.000010 66
0.005965 8
0.000027 104
2.745294 14
0.354116 1
0.500494 1
0.030910 1
0.029875 1
0.029524 1
0.030386 1
0.031771 1
0.030667 1
0.031226 1
0.029876 1
0.030435 1
0.029801 1
0.030497 1
0.030060 1
0.246037 3
0.197856 3
0.384570 3
0.501060 5
0.251976 11
0.004093 87
0.000626 112
2.423548 13
0.921207 4
0.140524 4
0.126854 4
0.120280 4
0.682237 4
0.127333 4
0.108741 4
0.132645 4
0.130598 4
0.125758 4
0.136638 4
0.815769 1
0.113254 1
0.202859 1
0.456578 1
0.369893 1
0.177681 1
0.356115 1
0.239148 1
0.270417 1
0.224587 1
0.062262 1
0.205530 1
0.095553 1
0.328535 2
0.000042 9
0.022061 57
3.740248 1
0.066071 1
0.257246 1
0.242037 1
0.244744 1
1.164213 1
0.232234 1
0.188107 1
0.551485 1
0.647039 4
0.320155 1
0.366084 1
0.249370 1
0.253199 1
0.213219 1
0.471848 1
0.936870 1
0.460417 1
0.134709 1
0.244067 1
0.082862 1
1.772325 1
0.193865 1
0.218759 1
0.303593 1
0.181178 1
0.064116 1
0.238129 1
0.057056 1
0.728077 1
2.817859 1
0.224306 1
0.232967 1
0.227848 1
0.179686 1
0.950610 1
0.146652 1
0.330763 1
0.277617 1
0.129180 1
0.728414 11
0.003024 67
0.000271 58
0.000494 57
4.202986 38
0.701881 1
0.500513 1
0.029891 1
0.029877 1
0.030412 1
0.030332 1
0.030082 1
0.030102 1
0.030919 1
0.030394 1
0.030132 1
0.029933 1
0.031114 1
0.030252 1
0.031045 1
0.031057 1
0.031134 1
0.030598 1
0.029979 1
0.029860 1
0.030707 1
0.030205 1
0.030980 1
0.030798 1
0.029953 1
0.031374 1
0.311397 1
0.169498 1
0.810949 5
0.392049 5
0.630942 11
0.003036 128
0.000605 57
3.587438 1
0.050119 1
0.248364 1
0.091276 1
0.546287 1
0.738091 4
0.127672 4
0.242528 4
0.148499 4
0.092528 4
0.129486 1
0.122359 1
0.396260 1
0.407232 1
0.150567 1
0.167188 1
0.174347 17
0.005350 112
1.457699 1
0.062065 1
0.313667 1
0.072370 1
0.305845 1
0.236022 11
0.003669 18
0.000282 1905
0.000486 112
26.592187 1
0.098827 1
0.515197 1
0.950735 1
1.752079 4
0.164638 4
0.604268 1
0.056006 1
0.202215 1
0.211268 1
1.504431 1
0.567336 1
0.314909 1
1.273563 1
0.865423 1
0.221969 1
0.242050 1
0.223047 1
0.197002 1
0.841476 1
0.416122 1
0.780380 1
0.238602 1
0.141672 1
1.679154 11
0.002854 112
1.640058 1
0.132209 1
1.195887 1
0.186267 1
0.156690 1
0.786092 1
1.023100 1
0.100615 1
0.498088 1
0.411978 1
0.265854 1
0.976690 4
0.166837 4
0.452458 4
0.382188 1
0.444000 1
0.230811 1
1.297587 1
0.246970 1
0.215139 1
0.236783 1
0.232820 1
0.182532 1
0.464606 1
0.478909 1
0.179705 1
0.394214 1
0.116052 1
0.761639 11
0.002999 112
21.498714 1
0.107406 1
0.495591 1
0.124734 1
0.435844 1
0.405378 1
0.073706 1
0.191471 1
0.190043 1
0.245360 1
1.215064 1
0.437423 1
0.020110 1
0.562173 1
0.068620 1
0.395990 11
0.028526 57
4.083325 1
0.025156 1
1.574203 1
0.303556 1
0.298209 1
0.522285 4
0.109619 1
0.660388 1
0.234621 1
0.181469 1
0.732701 1
0.239086 1
0.486216 4
0.449449 1
0.304629 1
0.262150 1
0.150467 1
1.163501 1
0.638403 1
0.565755 1
0.094342 1
0.221151 1
0.425564 1
1.070670 4
0.079531 1
0.230622 1
0.514721 1
0.215057 1
0.278632 6
2.171561 1
0.424422 1
0.204576 1
0.258217 1
0.185101 1
1.028688 1
0.239451 1
0.358001 1
0.256880 1
0.158696 1
1.369122 11
0.002980 128
0.000731 57
3.847116 1
0.159236 1
0.383305 1
0.093359 1
0.202286 17
0.005400 112
1.835556 1
0.082186 1
1.180547 1
0.003627 1
0.399619 1
0.300114 11
0.003695 18
0.000224 1905
0.000698 112
98.315846 108
0.035713 108
0.029052 108
0.080509 108
0.306044 108
41.908815 2
0.472849 4
0.645380 1
0.217182 1
0.167194 1
45.627603 1
0.693137 1
2.427096 1
0.409693 1
1.797029 1
0.274621 1
1.102021 1
0.852126 1
0.543800 1
0.298438 1
2.962475 1
1.527273 1
0.116424 1
1.015693 1
0.348433 1
4.994926 4
1.722544 1
0.979467 1
1.365258 4
3.500893 4
0.184644 4
0.808991 4
0.162162 4
0.241483 4
0.127298 4
0.125719 4
0.126315 4
0.125709 4
0.121515 4
0.126321 4
0.119812 4
0.138209 4
1.705714 1
0.778134 1
0.909472 1
0.373407 1
0.768844 1
0.633242 1
0.245879 1
0.229500 1
0.319930 1
0.197601 1
1.629812 1
1.805757 1
1.597374 1
0.239721 1
0.717255 1
0.389567 1
0.194220 1
4.446812 1
0.843317 1
0.045834 1
5.269726 1
0.278827 1
0.092371 1
0.402543 6
2.494886 1
0.532252 1
1.315708 1
13.048703 1
0.401867 1
0.127551 1
0.093072 1
1.140974 1
0.639865 1
0.066411 1
0.288037 1
0.156659 1
0.212456 1
0.088581 1
1.055537 1
0.218411 1
0.246100 1
0.126923 1
0.117325 1
1.514644 1
0.619671 1
0.184827 1
0.345076 3
0.051425 1
0.192391 1
1.244374 1
0.423086 1
0.309630 1
0.179797 1
0.076636 1
22.426006 2
0.000021 9
0.003608 79
0.000242 329
0.003809 133
0.000538 8
0.000026 104
16.062653 59
1.583180 1
0.212967 1
0.296333 1
5.575318 3
0.427158 251
0.559019 20
0.461744 37
0.524878 56
0.327447 28
0.463926 20
0.532386 50
0.358669 49
0.275105 34
1.400248 39
0.488863 72
0.467074 341
2.530632 1
0.196603 1
0.318852 1
0.241084 1
1.271977 13
0.060364 9
0.958498 11
0.003679 112
0.670355 27
0.334173 86
0.523370 251
0.435731 20
0.776858 37
0.409341 56
0.499867 28
0.030489 20
0.031451 50
0.030552 49
0.030823 34
0.030905 39
0.027751 72
0.031075 341
0.749756 48
0.990041 1
0.184930 1
0.390623 1
0.287123 1
0.779534 13
0.076624 9
0.525851 11
0.003903 112
0.612066 23
0.205956 44
0.160082 86
0.443303 251
0.166518 20
0.136484 37
0.152825 56
0.134241 28
0.124562 20
0.145803 50
0.099406 49
0.171614 34
0.245042 39
0.092700 72
0.132185 341
0.355763 48
0.301301 42
1.050462 1
0.335557 1
0.198343 1
0.213717 1
0.881839 13
0.063186 9
0.549503 11
0.003691 112
0.533115 25
0.271553 46
0.477369 44
0.347354 86
0.854821 11
0.004538 27
0.000116 12
0.005492 112
20.386818 1
0.297383 1
0.426187 1
0.123211 1
0.112650 1
1.023302 1
1.119736 4
0.251215 1
0.331773 1
0.257928 1
0.221121 1
0.725527 1
1.170789 1
0.504030 1
1.139440 1
0.099108 1
0.148672 1
1.469613 11
0.003298 112
1.401931 1
0.361809 1
0.122319 1
0.465448 4
0.132251 4
0.105213 4
0.122524 1
0.329123 1
0.092240 1
0.553813 1
0.275382 1
0.250398 1
0.244458 1
0.278001 1
0.163201 1
0.623469 1
1.461993 1
1.190276 1
0.427925 1
0.244970 1
0.295927 1
0.689489 4
0.186520 4
0.556593 1
0.447113 1
1.761895 1
0.601520 1
0.643289 1
0.888756 1
0.261072 1
0.218263 1
0.254754 5
0.895499 11
0.003562 112
12.467719 1
0.097831 1
0.214396 1
0.432146 1
0.465752 1
0.453697 1
0.628193 1
0.894502 4
0.163287 1
0.699418 1
0.375869 1
0.524389 1
0.755593 1
0.362835 1
0.463207 6
1.448487 1
0.309043 1
0.273972 12
1.293818 11
0.006267 183
0.000854 112
11.221339 1
0.057922 1
0.830709 1
0.643568 1
0.766691 1
0.214952 6
1.158670 11
0.000297 128
13.018613 1
0.069500 1
0.207683 1
0.378280 1
0.129568 1
0.315615 11
0.000307 112
2.838736 1
0.382104 1
0.367528 1
0.103360 1
0.108442 1
0.402051 1
0.641888 1
0.284335 1
0.232607 1
2.069661 1
0.454422 1
0.642631 1
0.078113 1
0.627404 1
1.043899 11
0.003288 112
4.797016 1
0.250786 1
0.187437 1
0.289699 1
0.505403 1
0.232931 1
0.608454 1
1.714785 1
0.370653 1
0.638841 1
0.622372 1
0.302060 1
0.203926 1
0.420039 5
1.604146 1
0.717241 1
0.219639 1
0.344592 12
1.237718 1
1.154156 1
0.366061 1
1.177926 1
0.601410 1
0.261307 1
0.158983 1
1.189248 5
0.997297 1
1.803009 11
0.006101 14
0.000047 13
0.000160 12
0.000645 8
0.000038 104
33.294513 1
0.080275 1
1.753090 1
0.913394 1
0.265917 1
0.471253 1
0.486585 1
0.440947 1
0.190515 1
0.351534 1
0.517901 11
0.000434 128
2.687516 1
0.153514 1
0.404924 1
0.299011 1
1.032948 14
1.250777 56
1.669029 543
0.500082 4
0.030744 4
0.030346 4
0.030908 4
0.030710 4
0.031740 4
0.030311 4
0.030871 4
0.030833 4
0.030987 4
0.030878 4
0.030792 4
0.031427 4
0.031203 4
0.030092 4
0.030953 4
0.030118 4
1.793784 4
0.500604 4
0.031074 4
0.030779 4
0.028977 4
0.030423 4
0.030236 4
0.031143 4
0.030496 4
0.030005 4
0.031337 4
0.029918 4
0.031015 4
0.031752 4
0.377367 4
0.162047 4
0.175006 4
0.641792 1
0.840224 1
0.282835 1
0.376629 12
0.975669 2
0.000153 9
0.006000 14
0.000127 25
0.000934 128
120.669379 1
0.199547 1
0.368571 1
0.458425 1
0.142451 1
0.203333 11
0.000242 112
9.776935 1
0.835424 1
0.498668 1
0.146654 1
0.097456 1
1.059712 1
0.720298 1
0.694611 1
0.599763 1
0.543042 1
0.246834 1
0.414185 1
0.086694 1
1.019552 1
0.996020 1
0.254838 1
0.785840 1
0.469935 1
0.060068 1
0.249475 1
0.282655 11
0.003353 112
11.839025 1
0.035534 1
0.224348 1
0.661005 1
0.154510 1
0.322434 1
0.831224 1
0.418664 1
0.471242 7
6.641305 11
0.000220 136
2.497549 1
0.141126 1
0.248640 1
1.378454 4
0.164027 4
0.605478 1
0.612343 1
0.344608 1
0.096750 1
1.012869 1
0.482387 1
0.132505 1
0.179465 1
0.158448 1
1.418477 1
0.559142 1
0.391990 1
0.104578 1
0.112879 1
0.574033 1
1.052756 1
0.110091 1
0.199147 1
0.116926 1
0.529316 1
0.386733 1
0.536347 1
0.141855 1
1.130413 1
0.748656 1
0.751127 1
1.208084 1
0.102233 1
0.179813 1
0.089730 1
0.509501 1
0.375313 1
3.122957 1
0.575340 1
0.232048 1
3.274229 1
1.264039 1
0.115932 1
0.165824 3
0.107310 1
4.585743 1
1.104835 1
1.151809 1
0.722452 1
0.477814 1
0.142929 1
0.906741 4
0.297757 4
0.851737 1
0.437202 1
0.901862 11
0.002555 136
13.459260 1
0.683186 1
0.498937 1
0.110994 1
0.118030 1
0.555608 1
2.664045 1
0.118711 1
0.950559 1
0.115185 1
0.307612 1
0.097882 1
0.564351 11
0.003460 136
1.849908 1
0.065644 1
0.292184 1
0.703351 1
0.375498 1
0.390257 5
0.493383 11
0.000391 150
6.422339 1
0.163445 1
0.203629 1
1.299273 1
1.027606 1
0.300801 1
0.354390 1
0.155774 1
0.178186 1
0.081187 1
0.765877 1
0.565334 1
0.305848 1
0.654139 1
0.214220 1
1.214409 1
0.466496 1
0.106592 1
0.176897 1
0.081118 1
2.501521 1
0.279359 1
0.697076 1
1.064165 4
0.766586 1
0.129620 1
0.373145 1
0.689629 1
1.086783 1
0.428231 1
0.116374 1
0.181594 1
0.079546 1
0.859928 1
0.412288 3
2.009846 1
0.475668 1
0.085638 1
0.957762 1
1.861717 1
0.097415 1
0.216346 1
0.109236 1
1.111198 1
0.562160 1
2.419364 1
0.455238 1
0.970058 1
0.219803 1
1.794981 11
0.002984 150
17.910864 1
0.079269 1
0.475829 1
0.973802 1
0.780706 1
0.417644 1
0.404224 1
0.241672 1
1.033275 1
0.768023 1
0.172517 1
0.315090 1
1.486308 1
0.235016 1
0.255231 1
0.775786 1
0.253902 1
0.290124 1
0.239217 1
1.382029 1
0.544355 1
0.133302 1
0.723758 1
0.526419 1
0.613126 1
0.501214 1
0.955868 1
0.206825 1
0.041481 1
1.134861 1
0.572590 1
0.885482 4
0.177470 4
0.561486 1
0.343475 1
2.115392 1
0.057111 3
0.808580 1
0.092153 1
0.270135 1
0.133862 1
1.418795 1
1.122513 1
0.414165 1
0.175229 1
0.260530 1
0.074638 1
0.762626 1
1.751812 1
0.128042 1
0.405811 1
0.254383 1
0.279513 1
0.258970 1
1.329368 11
0.003409 78
0.000209 191
0.000638 150
20.789181 50
8.023848 1
0.500560 1
0.030533 1
0.030723 1
0.030465 1
0.030055 1
0.030145 1
0.030783 1
0.030293 1
0.030315 1
0.031113 1
0.030226 1
0.030061 1
0.030333 1
0.030409 1
0.030493 1
0.717685 199
0.769258 198
0.960983 1
0.499962 1
0.029545 1
0.030264 1
0.030301 1
0.029934 1
0.030118 1
0.029985 1
0.031212 1
0.030663 1
0.029793 1
0.030027 1
0.029981 1
0.029946 1
0.030215 1
0.031516 1
0.030149 1
0.030180 267
0.030231 1
0.030979 1
0.030223 1
0.029943 1
0.030825 1
0.030120 1
0.030922 1
0.030941 1
0.029942 1
0.330141 1
0.731270 227
0.280642 225
4.894564 228
0.250092 230
88.986799 1
0.603638 1
2.212821 223
1.027220 5
0.000063 9
0.003702 78
0.000227 191
0.000787 150
2.090688 49
0.438725 1
0.638350 1
0.219833 1
0.092819 1
0.117882 1
0.159499 1
0.141740 1
0.091970 1
0.146276 1
0.121995 1
0.289610 1
0.580024 29
0.189571 28
0.524802 1
0.499722 1
0.029746 1
0.030247 1
0.030818 1
0.030434 267
0.030012 1
0.030592 1
0.030101 1
0.029896 1
0.030067 1
0.030387 1
0.030396 1
0.258803 1
0.155676 1
0.111958 1
0.136588 1
0.146516 1
0.775942 221
0.146049 226
0.733948 14
0.003569 194
0.000729 150
110.894070 49
20.519583 1
0.192100 1
0.123994 1
0.094553 1
0.136722 1
0.115635 1
0.122806 1
0.115735 1
0.121288 1
0.123453 1
0.122824 1
0.126308 1
1.666517 29
0.159994 32
0.135514 35
1.229802 36
0.121015 33
0.118331 30
0.144060 27
0.208048 24
0.161390 21
0.120631 18
0.141490 525
0.298203 256
0.278466 253
1.073567 250
0.957918 249
4.551029 252
0.113927 255
0.609476 14
0.112848 17
0.228310 20
0.076831 23
1.147511 26
0.821145 31
0.549450 11
0.003277 194
0.000727 150
2.415287 50
1.029733 1
0.240165 1
0.137781 1
0.119950 1
0.141062 1
0.116731 1
0.123606 1
0.129085 1
0.133196 1
0.131723 1
0.122464 1
0.128142 1
0.716575 28
0.219732 11
0.003485 194
0.000614 150
0.943248 49
0.633818 1
0.500644 1
0.029680 1
0.030751 1
0.029404 1
0.030800 1
0.031510 1
0.029979 1
0.030276 1
0.030309 1
0.030025 1
0.030591 1
0.030400 1
0.031295 1
0.030175 1
0.030205 1
0.030258 267
0.029949 1
0.852725 3
0.350517 3
0.729452 3
0.173047 3
0.305692 3
0.667209 5
0.164050 5
0.310283 5
0.277320 526
0.310031 257
0.417635 254
0.729588 253
0.095797 256
0.171639 15
0.058771 5
2.769749 5
0.341264 5
3.771694 5
0.428459 5
0.302396 5
0.205200 5
0.710320 11
0.003233 194
0.000683 150
3.816266 53
0.448491 285
1.363904 1
0.500057 1
0.030370 1
0.030979 1
0.030166 1
0.032268 1
0.030546 1
0.030227 1
0.031032 1
0.030194 1
0.032449 1
0.029665 1
0.030724 1
0.031121 1
0.031949 1
0.029484 1
0.031467 267
0.030963 1
0.031306 1
0.031001 1
0.031082 1
0.030902 1
0.031317 1
0.149780 1
0.249870 1
0.141883 1
0.250172 1
0.141571 1
0.133613 1
0.903339 230
0.467822 14
0.003623 78
0.000053 58
0.000315 133
0.000689 150
17.673052 1
0.070141 1
0.513205 1
0.524528 1
0.118090 1
0.560108 11
0.000439 136
3960.310934 132
0.022895 132
0.020069 132
0.022301 132
0.021323 132
0.029232 132
0.094323 132
0.487530 132
0.254259 132
0.167010 132
0.145621 132
0.043220 132
0.021864 132
0.145629 132
0.043384 132
0.312714 132
0.036228 132
0.036896 132
4.813795 2
0.044583 2
0.588109 4
0.239469 4
0.682286 1
0.074300 1
0.267178 2
0.000010 9
0.000916 70
0.000228 8
0.000010 128
36.245834 1
0.052734 1
0.657393 1
0.260907 1
0.130502 1
0.345408 2
0.000006 9
0.000103 8
0.000009 114
0.353244 1
0.110113 1
0.595527 1
1.000307 1
0.123913 1
0.285513 19
0.000005 104
6.612638 5
0.412292 11
0.327407 7
0.309729 55
1.916034 1
0.500796 1
0.030201 1
0.030996 1
0.030495 1
0.029645 1
0.029734 1
0.029801 1
0.030374 1
0.030595 1
0.029971 1
0.029882 1
0.029834 1
0.595996 3
0.572294 29
0.398176 25
1.053382 1
0.499933 1
0.029529 1
0.030112 1
0.030687 1
0.030062 1
0.299196 1
0.590273 5
0.661240 5
8.371452 2
0.000019 9
0.001369 108
0.000214 112
193.674428 50
2.520973 1
0.500391 1
0.027493 1
0.032554 1
0.030752 1
0.030467 1
0.031174 1
0.030583 1
0.029582 1
0.030239 1
0.030884 1
0.395855 1
0.746345 29
0.499898 29
0.030574 29
0.029397 29
0.031707 29
0.031256 29
0.029885 29
0.029187 29
0.030559 29
0.030193 29
0.030484 29
0.027675 29
0.029802 29
0.030213 29
0.032522 29
0.031322 29
0.030288 29
0.030987 29
0.030414 27
8.051755 11
0.003799 153
0.000164 176
0.000771 112
27.238745 1
0.465718 1
0.847528 1
0.130613 1
0.068285 1
1.113821 1
0.368890 1
0.199834 1
0.242017 1
0.423905 1
0.408040 1
0.246691 1
0.095235 1
1.230618 1
0.696631 1
0.227808 1
1.350793 11
0.003227 112
0.841144 1
0.066337 1
0.284366 1
0.383701 1
0.305922 1
0.412466 9
0.952764 11
0.000285 134
2.280461 1
0.163424 1
0.814130 1
0.747655 1
0.061394 1
0.572879 1
2.351488 1
0.712672 1
0.041159 1
0.958343 1
0.700090 1
1.040984 1
0.190820 1
0.358594 1
0.370665 1
0.420252 1
0.179460 1
0.233950 1
1.047686 1
0.555102 1
0.118396 1
1.368516 1
1.123328 1
0.119572 1
0.230386 1
0.158635 1
0.708971 1
0.504966 1
0.380750 1
0.400048 1
0.122167 1
0.929575 1
1.064467 1
0.092035 1
1.832145 1
0.334788 1
0.677169 1
0.513610 4
1.051447 1
1.270700 1
0.331602 1
0.145770 1
0.250293 1
0.228062 1
0.086457 1
1.837291 1
0.139560 1
0.144262 1
1.988713 11
0.033691 159
0.000134 8
0.000009 126
8.125177 46
0.507873 1
0.499903 1
0.031385 1
0.029617 1
0.030420 1
0.029864 1
0.030679 1
0.030897 1
0.031023 1
0.029812 1
0.030239 1
0.030670 1
0.030233 1
0.030920 1
0.030660 1
0.030844 1
0.030657 1
0.029739 1
0.029807 1
0.030822 1
0.361895 3
1.417908 5
0.049739 5
2.305663 11
0.027329 159
0.000347 134
1.300537 46
0.321816 1
0.500361 1
0.029839 1
0.030000 1
0.030200 1
0.031097 1
0.030740 1
0.031343 1
0.030315 1
0.030190 1
0.030387 1
0.029920 1
0.030818 1
0.030275 1
0.030845 1
0.030427 1
0.029887 1
0.029813 1
0.373642 1
0.904663 5
0.064382 5
0.309986 11
0.026425 159
0.000235 134
6.862759 46
0.437047 1
0.498762 1
0.030628 1
0.030814 1
0.030848 1
0.030305 1
0.030384 1
0.031299 1
0.030394 1
0.030665 1
0.030372 1
0.030376 1
0.031139 1
0.030586 1
0.030421 1
0.030558 1
0.027560 1
0.031788 1
0.346690 1
0.927556 5
0.053615 5
13.203998 3
0.500350 3
0.031247 3
0.029583 3
0.030572 3
0.031601 3
0.618073 1
0.185750 1
0.774260 5
0.133550 5
0.462207 5
0.116684 5
0.085442 5
0.579125 5
0.154864 5
0.134821 5
0.320777 5
0.431372 5
0.276172 5
0.094757 5
1.570687 11
0.026634 159
0.000234 8
0.000008 126
21.345207 1
0.052824 1
0.299692 1
0.223718 1
0.127655 1
3.262340 11
0.000251 112
3.133779 1
0.046416 1
0.427944 1
0.749528 1
0.375877 1
0.672288 1
0.208652 1
0.238905 1
0.398722 9
1.623214 1
0.090702 1
0.342271 1
0.144871 1
0.904327 1
0.347357 1
0.883749 1
0.118218 1
0.112861 1
0.462253 11
0.050436 40
0.004607 112
2.768422 26
0.332682 1
0.500604 1
0.030634 1
0.030539 1
0.030802 1
0.029868 1
0.030301 1
0.030400 1
0.030236 1
0.029837 1
0.030472 1
0.030446 1
0.029977 1
0.029990 1
0.030097 1
0.029740 1
0.030352 1
0.030192 1
0.030356 1
0.214381 1
0.156276 1
0.125674 1
0.145604 1
0.127448 1
0.140685 1
0.798347 3
0.396324 5
0.053326 5
0.374331 11
0.029943 71
0.000608 112
6.318087 26
0.228317 1
0.500800 1
0.030246 1
0.030655 1
0.030470 1
0.030584 1
0.030917 1
0.031192 1
0.030470 1
0.031400 1
0.030542 1
0.028967 1
0.031163 1
0.030659 1
0.031029 1
0.030706 1
0.029483 1
0.030338 1
0.030245 1
0.029884 1
0.030223 1
0.726352 47
0.494058 43
0.772553 11
2.548687 112
14.879593 1
0.142655 1
0.299095 1
0.878755 1
0.127810 1
1.137599 1
0.166381 1
0.597283 1
0.659909 1
0.673886 1
0.892561 1
0.180134 1
0.532698 9
1.810468 1
0.785739 1
1.508200 1
0.765668 1
0.094849 1
0.637726 1
0.563158 1
0.309964 1
1.125251 1
0.159183 1
0.660568 9
1.853651 4
0.195274 4
2.231635 1
0.460190 1
1.307999 1
0.302272 1
0.233531 1
0.464213 1
1.306083 1
0.127913 1
0.486176 11
15.232076 112
31.425500 46
2.645051 4
0.500542 4
0.029866 4
0.029923 4
0.030450 4
0.030122 4
0.029622 4
0.030060 4
0.031130 4
0.029373 4
0.030807 4
0.267628 4
0.500078 4
0.030667 4
0.030515 4
0.030124 4
0.030406 4
0.030212 4
0.289569 4
0.731984 1
1.978045 1
0.467669 1
1.423860 1
0.532890 1
2.305714 1
0.407987 1
0.282528 1
0.267395 1
0.876697 8
1.855484 1
0.126033 1
1.262797 4
0.178214 4
0.771306 1
0.385364 1
0.120601 1
2.336013 1
0.115649 1
0.359577 1
2.429715 1
0.065389 1
0.304782 1
0.886655 1
0.319542 1
0.299282 1
0.174197 1
0.430983 1
1.430609 1
0.100354 1
0.436771 2
0.000038 9
7.465389 112
24.699997 1
0.282086 1
0.250750 1
1.075123 1
0.546026 1
0.484845 1
0.219123 1
0.684936 1
0.703567 1
0.473087 1
0.406009 1
0.147172 1
0.323395 1
0.849017 8
2.081697 1
2.112554 1
1.819859 1
1.806796 1
0.096651 1
0.503823 4
0.552529 1
0.034917 1
0.622918 1
0.669099 1
0.860125 1
1.166179 1
0.084981 1
0.848641 1
0.339050 1
0.581974 1
0.393903 1
0.364364 1
0.434380 1
0.642068 1
1.682799 1
1.142398 4
0.199849 4
0.391321 4
0.215665 1
0.305730 9
2.195566 1
0.601832 1
0.091389 1
0.406393 1
0.102230 1
1.268811 1
0.278751 1
0.295822 1
0.183607 1
1.785993 1
1.607871 1
0.117443 1
5.162728 11
2.611269 112
30.847314 1
0.069601 1
0.241343 1
1.169084 1
0.728626 1
0.669338 1
0.268507 1
1.410163 1
0.497282 1
0.171240 1
0.611541 9
1.349805 1
0.533379 1
0.216593 11
2.455278 11
0.005756 22
0.017205 112
16.968568 1
0.068719 1
0.885126 1
0.407483 1
0.067636 1
1.170336 1
0.685178 8
2.720562 11
0.000359 134
1.156325 1
0.081870 1
0.390834 4
0.307046 1
0.397450 2
0.000007 9
0.000846 74
0.000174 8
0.000010 126
17.259433 1
0.053596 1
1.330557 1
0.062822 1
0.486415 1
0.579615 1
0.552498 1
0.174369 1
0.218053 1
0.533897 1
4.872964 1
1.211140 1
0.314526 1
0.343430 1
0.085268 1
2.237950 1
9.371598 4
0.500561 4
0.031262 4
0.029977 4
0.030702 4
0.030372 4
0.030778 4
0.030330 4
0.031073 4
0.030244 4
0.031294 4
0.029368 4
0.029861 4
0.030410 4
0.029737 1
0.029005 1
0.032202 1
0.030664 1
0.030303 1
0.030048 1
0.364788 1
0.047843 1
0.346948 1
0.209988 1
0.144038 1
0.269612 11
0.000423 112
0.688522 1
0.044983 1
0.171526 11
0.000849 918
0.000239 112
36.232044 2
0.203859 7
1.706546 11
0.418340 16
3.370956 11
0.000307 134
133.234095 2
0.250064 2
0.802128 4
0.184041 4
0.148743 1
2.449053 14
1.758182 11
0.000803 79
0.000181 134
1.966054 1
0.263519 1
0.213640 1
1.609516 1
0.110406 1
0.995185 1
0.081171 1
2.088862 1
0.097027 1
0.312397 1
0.481150 1
0.208109 1
1.915809 1
1.006912 1
0.704013 1
0.235249 1
0.187169 1
1.056764 1
0.049258 1
1.646241 1
0.539526 1
0.224795 1
0.865322 1
0.801753 1
0.933061 1
0.868223 1
0.210108 1
0.357301 1
0.486600 1
0.272545 1
0.573565 1
0.197657 1
0.826892 1
0.956347 4
0.981600 1
0.318576 1
1.096685 1
0.385816 1
0.309173 1
0.140453 1
0.255662 1
1.039046 1
0.228280 1
0.183778 1
0.190130 1
0.202084 1
0.204595 1
1.406343 1
1.557325 1
0.070619 1
0.620627 1
0.388905 1
0.508454 1
0.112653 1
0.965921 1
0.460404 1
0.081097 1
0.327295 11
0.005049 77
0.000250 191
0.000871 134
7.207894 1
0.052225 1
0.514488 1
0.341569 1
0.117983 1
0.306381 11
0.000398 112
0.585735 5
0.523397 50
3.206510 11
15.379814 112
6.597564 1
16.723870 1
0.085302 1
0.221027 1
0.840196 1
0.642957 1
0.468517 1
0.125185 1
0.711498 1
0.063075 1
0.186930 1
0.657474 1
0.875827 1
0.363485 1
1.148380 4
0.357120 1
0.122866 9
2.716716 1
0.539391 1
0.638778 1
0.534381 1
0.084680 1
0.897609 1
0.457040 1
0.967781 1
0.479439 1
0.497299 1
0.367085 1
0.578248 1
0.247792 1
0.427445 9
2.591279 1
0.532038 1
0.246448 1
0.334668 1
0.086601 1
1.120450 1
0.299282 1
0.346753 1
0.140275 1
1.048195 1
0.477402 1
0.061242 1
3.059192 11
0.079496 454
0.004532 112
2.886769 54
0.283200 1
0.500531 1
0.030568 1
0.030232 1
0.030584 1
0.030316 1
0.031472 1
0.030335 1
0.029919 1
0.030685 1
0.030340 1
0.030408 1
0.030770 1
0.030019 1
0.030950 1
0.031097 1
0.031287 1
0.030135 1
0.030296 1
0.029314 1
0.031090 1
0.030869 1
0.030599 1
0.029926 1
0.030441 1
0.031016 1
0.030982 1
0.029752 1
0.029614 1
0.030199 1
0.029817 1
0.030361 1
0.029952 1
0.029670 1
0.029962 1
0.030337 1
0.030712 1
0.030324 1
0.029767 1
0.030345 1
0.030083 1
0.029524 1
0.030520 1
0.030574 1
0.029421 1
0.029383 1
0.030245 1
0.030494 1
0.030348 1
0.030495 1
0.030370 1
0.030630 1
0.030046 1
0.802264 5
0.623087 11
12.990041 112
13.714051 53
3.844741 1
0.454120 1
0.244963 1
0.200490 1
0.193602 1
0.226224 1
0.341365 1
0.296151 19
0.155610 19
0.158784 19
0.296259 19
0.629810 15
0.100767 15
0.285601 15
0.357275 15
0.086198 15
0.634606 1
0.499921 1
0.030638 1
0.029538 1
0.030658 1
0.030780 1
0.030687 1
0.031004 1
0.029663 1
0.030909 1
0.030419 1
0.029507 1
0.030532 1
0.030018 1
0.030945 1
0.030721 1
0.030989 1
0.030439 1
0.029437 1
0.480133 5
0.133806 5
1.777115 5
1.284302 5
0.053793 5
0.798492 11
7.586437 112
8.471725 1
0.064149 1
0.183720 1
1.271530 1
0.125021 1
0.486613 1
0.211263 1
0.660728 1
0.401810 1
0.099053 1
0.443790 9
1.492271 1
1.102139 1
0.687398 4
0.472685 1
0.063465 1
1.750835 1
0.794915 4
1.283526 11
0.008274 65
0.015302 22
0.010067 25
0.011016 22
0.011771 22
0.012002 112
23.193390 1
0.324309 1
0.415434 1
0.160073 1
0.074503 1
1.227386 1
0.381608 1
0.473439 1
0.123253 1
0.427501 4
0.087493 1
0.273127 1
0.222111 1
0.990877 1
0.869213 1
0.147134 1
0.536932 1
0.125795 1
1.011452 1
0.236652 1
2.531372 1
0.169416 1
0.274483 1
1.079447 1
0.025409 1
1.049127 11
0.003119 112
1.868553 1
0.073539 1
0.341524 1
0.986458 1
0.144253 1
1.238753 1
0.186079 1
0.193635 1
0.278887 1
0.235843 1
1.603223 1
1.441164 1
0.176471 4
1.393492 1
0.623986 1
0.421329 1
0.339774 5
1.145433 1
0.085818 4
1.761527 1
0.753475 1
0.250123 1
0.271953 4
1.081486 1
0.137024 4
1.590075 1
0.474407 1
1.258676 1
0.334471 1
0.515572 1
0.093567 1
1.984557 1
0.097437 7
5.033378 11
0.003899 112
39.270741 1
0.988650 1
0.152091 1
0.440193 1
0.033020 1
1.075396 1
0.598904 1
0.528116 1
0.258445 1
0.845915 1
2.029229 1
0.560755 1
0.298644 1
0.484970 1
0.082558 1
1.476227 1
2.141849 1
0.122530 1
1.749994 1
0.638264 1
0.247653 1
0.284729 1
1.802169 1
0.720714 1
0.223062 1
0.298426 1
0.569853 1
0.248009 1
1.870000 11
0.036021 141
0.142639 202
0.001852 112
36.201977 1
0.117619 1
0.245591 1
1.180606 1
0.223005 1
0.401818 1
2.778080 1
0.066530 1
0.087337 1
0.850770 1
0.083049 1
0.296044 1
0.123382 1
0.372506 1
0.278014 1
0.050810 1
1.333231 1
19.448345 1
0.463032 2
0.150153 2
0.857854 4
0.135054 4
0.758727 1
0.121956 1
0.867756 1
0.429594 1
0.411860 1
0.178371 1
0.307848 1
0.183293 1
1.350891 1
0.532719 1
0.075092 1
0.438614 1
0.120072 1
1.312396 1
0.774724 1
0.346999 1
1.687971 1
0.051500 1
0.721900 1
0.157177 1
0.235557 1
0.121893 1
1.170540 1
0.958549 4
2.751460 2
0.000019 9
0.000392 112
1.641301 1
0.285591 1
0.282512 1
0.413079 1
0.073384 1
1.165364 1
0.550301 1
0.216777 1
0.320765 1
0.711861 1
0.489079 1
0.695908 1
0.267065 1
0.487483 1
0.046738 1
1.927944 1
0.614640 1
0.100924 1
0.485949 1
0.124288 1
0.314870 1
0.239728 1
1.569306 1
0.297349 1
0.227748 1
0.258974 1
0.363370 1
0.261877 1
3.059803 11
0.006605 141
0.141729 202
0.001661 112
13.585384 1
0.118360 1
0.731231 1
0.144372 1
0.482671 11
0.000041 6
