0.021337 90
18.442444 99
0.486808 223
0.000156 90
8.569457 111
0.601627 238
0.000138 90
8.608811 137
0.655514 207
0.000221 77
0.000208 90
12.894790 49
0.691910 135
0.003001 45
0.000064 8
0.000012 82
5.669525 54
0.502075 140
0.003190 26
0.000158 8
0.000035 82
4.851709 29
0.555448 115
0.005439 210
0.000351 90
4.839798 29
0.543855 115
0.004831 153
0.000015 56
0.000448 90
7.450849 22
0.434907 108
0.002344 209
0.000354 8
0.000032 82
4.943234 19
0.357720 907
0.000035 606
0.000016 34
0.000014 105
0.000011 14
0.000014 120
0.000046 222
0.000014 74
0.000030 136
0.000014 38
0.000012 74
0.000015 38
0.000013 62
0.000012 62
0.000015 62
0.000015 73
0.000011 126
0.000011 37
0.000011 62
0.000014 63
0.000061 250
0.000009 41
0.000008 107
0.000019 50
0.000009 114
0.000009 72
0.000021 121
0.000029 273
0.000009 141
0.000026 322
0.000010 190
0.000077 157
0.000017 371
0.000025 182
0.000025 170
0.000009 142
0.000023 237
0.000008 58
0.000010 113
0.000012 164
0.000013 38
0.000010 21
0.000010 46
0.000009 83
0.000029 445
0.000011 40
0.000031 359
0.000020 84
0.000008 24
0.000012 66
0.000015 79
0.000012 29
0.000019 120
0.000022 116
0.000024 148
0.000022 343
0.000014 129
0.000025 102
0.000024 118
0.000010 30
0.000022 102
0.000033 98
0.000014 140
0.000016 76
0.000013 149
0.000009 92
0.000023 91
0.000012 13
0.000010 106
0.000009 107
0.000008 35
0.000012 155
0.000011 98
0.000012 103
0.000020 185
0.000023 193
0.000029 211
0.000011 77
0.000010 22
0.000011 80
0.000011 66
0.000008 77
0.000025 353
0.000009 35
0.000134 8
0.000022 82
8.001988 52
0.721202 168
0.000156 90
5.259419 38
0.429224 141
0.000080 8
0.000028 82
6.565056 65
0.391676 383
0.000019 9
0.000089 43
0.000115 8
0.000029 82
7.043795 21
0.334171 107
0.050930 25
0.017600 1477
2.445772 28
0.002372 90
7.054784 24
0.368015 110
0.044399 25
0.015931 2068
0.943288 28
0.002482 90
7.690962 25
0.529138 111
0.052426 50
0.002104 52
0.000934 52
0.000258 67
0.003545 98
0.001080 104
0.000213 67
0.000988 511
0.000158 67
0.001350 90
25.190886 23
0.357269 109
0.087858 286
0.004491 90
5.962379 23
1.400264 96
0.602059 1
0.247539 117
0.398882 1
0.500252 1
0.030190 1
0.030465 1
0.030253 1
0.031010 1
0.029878 1
0.030755 1
0.030786 1
0.256011 1
0.755325 5
0.361184 5
0.744611 11
0.009531 166
0.000015 56
0.011266 135
0.000199 1190
0.000085 6
4.419320 84
0.000853 8
0.000020 82
5.533154 19
1.099413 212
0.857982 25
0.763836 102
0.800993 3
0.655279 12
0.006568 16
0.000053 8
0.000016 82
5.576897 25
0.441156 111
0.008635 98
0.000126 8
0.000005 82
14.078594 31
0.437874 117
0.007549 75
0.000160 38
0.000560 90
4.818114 1
0.131350 1
0.432603 1
0.096145 1
0.612971 1
1.099445 31
0.435087 132
0.037727 35
7.964526 2
0.030827 90
2.827315 1
0.065590 1
0.348028 11
0.002833 446
0.000560 90
40.402588 1
0.208811 1
0.282309 1
0.093553 1
0.240772 1
3.665953 2
0.469613 5
0.999213 38
0.716487 139
0.014278 90
8.682855 35
0.249970 106
0.000017 6
0.000029 9
0.000353 128
8.449168 1
0.055937 1
0.072083 1
0.500629 11
0.000094 22
0.000168 128
3.809549 1
0.079581 1
1.196651 1
0.135757 1
1.030586 4
0.190471 4
0.187167 1
0.236847 1
0.146071 1
0.222256 11
0.000443 114
1.283603 1
0.178109 1
0.127881 1
0.337180 11
0.000084 15
0.000144 8
0.000035 106
2.875323 1
0.084378 1
0.608408 1
0.410181 1
0.413729 1
0.566306 1
0.191686 1
0.190944 1
0.241592 1
0.413229 11
0.000310 128
2.005268 1
0.073115 1
0.226042 1
0.465116 33
0.000202 128
12.807660 99
0.304988 226
0.000015 35
0.000213 128
10.675682 34
0.318087 177
0.029006 550
0.000459 128
6.913780 45
0.442398 179
0.000025 9
0.001954 413
0.000010 82
0.000583 128
6.008439 38
0.274584 181
0.001949 481
0.000436 128
3.870944 124
0.014612 124
0.021805 124
0.017297 124
0.012179 124
0.007442 124
0.014970 124
0.014507 124
0.021999 124
0.029556 124
0.014885 124
0.008930 124
0.020513 124
0.029383 124
0.044388 124
0.015299 124
0.028877 124
0.036842 124
0.162395 124
0.044522 124
0.427526 124
0.036873 124
0.066494 124
27.713066 21
0.348593 164
0.001964 17
0.000522 128
5.123428 20
0.362187 163
0.002092 11
0.000526 128
5.060806 20
0.301090 163
0.001987 8
0.000439 8
0.000067 120
6.009904 28
0.285823 171
0.002411 10
0.000448 128
4.155047 37
0.412747 180
0.002058 19
0.000505 128
5.134511 48
0.340970 191
0.002966 32
0.000180 128
5.299505 50
0.347501 193
0.002993 22
0.000196 128
4.819479 48
0.346686 191
0.002069 22
0.002096 10
0.000419 128
5.162806 15
0.414314 158
0.002253 212
0.000516 128
4.270036 62
0.508496 199
0.000279 2
0.005373 209
0.000391 8
0.000024 120
10.555779 20
0.283646 163
0.002454 501
0.000022 68
0.000019 48
0.000015 22
0.000058 158
0.000011 33
0.000028 68
0.000015 64
0.000018 68
0.000025 52
0.000016 20
0.000015 68
0.000040 68
0.000009 50
0.000028 38
0.000013 92
0.000030 66
0.000010 36
0.000034 68
0.000014 52
0.000013 64
0.000015 4
0.000010 48
0.000024 88
0.000032 34
0.000019 56
0.000025 108
0.000015 50
0.000016 16
0.000018 52
0.000014 20
0.000012 32
0.000007 36
0.000043 168
0.000017 36
0.000629 128
3.456482 124
0.021225 124
0.007988 124
0.028862 124
0.014716 124
0.022433 124
0.029412 124
0.066493 124
0.007466 124
0.103457 124
0.014763 124
27.511445 23
0.346676 166
0.002105 56
0.000615 128
4.526865 23
1.329451 153
0.440350 1
0.386058 174
1.002755 1
0.154422 1
0.244476 1
0.140066 1
0.278029 1
0.233382 1
0.657128 3
2.540272 11
0.287230 11
0.583101 11
0.000583 11
0.690487 11
0.771915 15
0.145802 15
0.299447 15
1.175675 11
0.195878 11
0.376473 11
0.562816 11
0.002298 57
0.000561 128
35.154434 15
0.510265 23
0.002592 526
0.000542 128
50.992545 23
1.711327 1
0.000123 28
0.510756 4
0.961485 1
0.480610 1
0.190015 1
0.151878 1
0.104795 1
0.172157 1
0.226685 1
0.727331 3
0.714646 15
0.076661 11
0.411710 11
0.002408 212
0.000607 128
28.601903 16
0.313647 25
0.002808 207
0.000593 128
33.516818 11
0.000159 128
10.403507 2
0.087666 2
0.111083 2
0.268521 1
0.470391 4
0.135945 4
0.117757 4
0.116291 4
0.126128 1
0.593440 1
0.078285 1
0.220655 1
0.798963 1
0.261391 1
0.758009 4
0.163856 4
0.195187 1
0.515919 1
0.108023 1
0.631806 1
0.124958 1
0.193046 11
0.002351 633
0.000014 6
0.000018 81
0.000011 30
0.000011 47
0.000018 49
0.000007 16
0.000133 152
0.000018 342
0.000012 31
0.000049 185
0.000030 84
0.000014 52
0.000014 32
0.000036 100
0.000013 4
0.000030 90
0.000032 110
0.000018 16
0.000014 52
0.000023 68
0.000028 100
0.000014 52
0.000014 48
0.000012 52
0.000041 20
0.000497 8
0.000029 120
21.225408 29
0.313250 172
0.002812 128
6.779328 126
0.484264 253
0.000175 87
0.000179 128
27.174521 192
1.371939 287
0.000018 23
0.000029 2
0.000026 2
0.002315 297
0.000020 84
0.000012 68
0.000109 269
0.000033 112
0.000015 32
0.000013 104
0.000013 48
0.000119 84
0.000025 454
0.000017 20
0.000018 64
0.000035 136
0.000028 72
0.000014 50
0.000012 31
0.000020 39
0.000012 78
0.000013 18
0.000011 52
0.000028 100
0.000014 52
0.000014 52
0.000018 64
0.000016 4
0.000012 68
0.000469 6
0.000079 21
0.000214 128
7.683883 124
0.345987 124
0.184402 124
0.265607 124
48.182656 22
0.339528 165
0.006971 57
0.000509 128
7.793186 64
0.363601 201
0.002279 57
0.084319 51
0.004588 128
12.630909 16
0.460698 159
0.006839 6
0.000441 128
6.015291 18
0.284037 161
0.002780 128
3.148288 6
0.469724 5
0.676866 11
0.002332 8
0.000410 128
15.505755 4
0.275507 2
0.324854 5
0.343531 34
1.049421 31
2.037414 1
3.154763 2
0.401833 2
0.595149 2
0.142702 2
0.188098 2
0.161079 2
0.920359 1
0.769376 2
0.626928 2
0.105849 2
0.220963 1
0.460675 2
0.534274 2
0.182906 2
0.049727 2
0.596895 1
0.522601 11
0.002556 57
0.000452 128
42.113291 2
0.271637 2
0.446620 4
0.156200 4
0.150366 1
0.573806 1
0.090528 1
0.274172 11
0.001971 2
10.722280 1
0.136850 1
0.525945 1
0.131043 1
5.797135 2
0.000880 128
9.440208 1
0.047381 1
0.396092 1
0.076993 1
0.248622 1
0.580620 11
0.018782 118
0.000122 59
0.000319 128
46.024407 2
0.170246 5
0.137301 1
0.135220 1
0.624539 16
1.273179 159
0.084417 42
0.004595 128
5.090220 1
0.841167 1
0.185285 1
0.092811 1
0.574566 17
