0.013292 108
0.026364 24
130.282340 1
0.156087 1
0.391144 1
0.537039 11
0.003379 36
2.868902 1
0.114534 1
0.391710 1
0.218257 1
2.148119 1
0.050572 1
0.546767 1
1.120209 1
0.366763 1
0.147756 1
0.424224 1
0.295870 11
0.007191 3
0.001336 27
0.404827 3
1.018200 3
1.022055 3
1.013391 3
1.042326 3
1.024306 3
1.042937 3
1.012661 1
0.001705 2
1.031958 3
1.060593 3
1.012642 3
1.013327 3
1.019766 3
1.025040 3
1.032444 3
1.020412 3
1.025834 3
1.024915 3
1.021631 3
1.013942 3
1.017956 3
1.013070 3
1.010415 3
1.015512 3
1.041373 3
1.015036 3
1.013480 3
1.011336 3
1.031787 3
1.022053 3
1.023292 3
1.016892 3
1.013839 3
1.010616 3
1.016469 3
1.017192 3
1.013485 3
1.020723 3
1.016299 3
1.015110 3
1.015429 3
1.014742 3
1.040126 3
1.015696 3
1.029130 3
1.032252 3
1.032375 1
0.000663 2
1.009604 3
1.010897 3
1.010631 3
1.013320 3
1.009625 3
1.030818 3
1.013407 3
1.008418 3
1.011250 3
1.015041 3
1.020400 3
1.011091 3
1.007724 3
1.009712 3
1.011011 3
1.014975 3
1.033027 3
21.738469 3
1.018380 3
1.013168 3
1.025757 3
1.026184 3
1.029960 3
1.017737 3
1.019740 3
1.013544 3
1.022031 3
1.021781 3
1.022276 3
1.019250 3
1.035778 3
1.027285 3
1.026085 1
0.003501 2
1.012881 3
1.026189 3
1.021121 3
1.021488 3
1.011124 3
1.013369 3
1.013245 3
1.013120 3
1.014786 3
1.014328 3
1.015314 3
1.015854 3
1.018843 1
0.000033 2
1.016245 3
1.014879 3
1.012206 3
1.011380 3
1.010980 3
1.013214 3
1.016276 3
1.019411 3
1.014270 3
1.010488 3
0.328277 1
0.000010 2
0.684469 3
0.323590 3
0.709320 3
0.301723 1
0.002859 2
0.716020 3
0.293383 3
0.735413 3
0.292027 1
0.004361 2
0.739922 3
0.294913 3
0.732385 3
0.296953 3
0.726858 3
0.303847 3
0.717852 3
0.301251 3
0.732730 3
0.295418 3
0.713723 3
0.302013 3
0.714664 3
0.307869 3
0.719409 3
0.307700 3
0.710365 3
0.309159 3
0.727046 3
0.295135 3
0.744866 3
0.278674 3
0.737967 3
0.272923 3
0.781954 3
0.231897 3
0.776945 3
0.248354 3
0.764818 3
0.261120 3
0.763067 1
0.000458 2
0.251720 3
0.757846 3
0.252821 3
0.758426 3
0.250845 3
0.788849 3
0.230218 3
0.780918 3
0.236953 1
0.001227 2
0.788504 3
0.229233 3
0.789980 3
0.232663 3
0.789797 3
0.235386 3
0.785200 3
0.247583 3
0.770993 3
0.263557 3
0.746597 3
0.269654 3
0.753795 3
0.262693 3
0.754598 3
0.261156 3
0.783438 3
0.238802 3
0.788105 3
0.240406 3
0.788171 3
0.225263 3
0.786759 3
0.228779 3
0.782299 3
0.228563 3
0.783673 3
0.225044 3
0.786306 3
0.225735 3
0.785652 3
0.227022 3
0.785653 3
0.226658 3
0.786391 3
0.222467 3
0.793053 3
0.220342 3
0.813090 3
0.198748 3
0.819009 3
0.197574 3
0.819549 3
0.188180 3
0.826792 3
0.187232 3
0.828154 3
0.179229 3
0.832373 3
0.177739 3
0.832323 3
0.185994 3
0.825973 3
0.187762 3
0.833047 3
0.178153 3
0.835506 3
0.180282 3
0.833017 3
0.179189 3
0.833598 3
0.181008 3
0.833537 1
0.000041 2
0.177789 3
0.834373 3
0.184228 3
0.829076 3
0.183269 3
0.830902 3
0.200534 3
0.820513 3
0.191335 3
0.822519 3
0.190626 3
0.823995 3
0.195911 3
0.818369 3
0.188673 3
0.821920 3
0.189863 3
0.824244 3
0.182905 3
0.829839 3
0.178557 3
0.836667 3
0.175057 1
0.000112 2
0.840165 3
0.187372 3
0.823498 3
0.188750 3
0.837905 3
0.184239 3
0.839955 3
0.178580 3
0.849122 3
0.175040 3
0.844087 3
0.186972 3
0.847128 3
0.220165 3
0.790314 3
0.224041 3
0.794800 3
0.224074 3
0.800624 3
0.218036 3
0.804629 3
0.216626 3
0.805683 3
0.212858 3
0.819556 3
0.206261 3
0.814325 3
0.208455 3
0.808983 3
0.211376 3
0.806657 3
0.201218 3
0.820097 3
0.187962 3
0.824652 3
0.187779 3
0.826568 3
0.183957 3
0.829448 3
0.179252 3
0.830350 3
0.179204 3
0.838803 3
0.173276 3
0.838797 3
0.173329 3
0.834996 3
0.179485 3
0.836148 3
0.174510 3
0.838912 3
0.175138 3
0.844345 3
0.168572 3
0.853554 3
0.164777 3
0.850143 3
0.169585 3
0.847151 3
0.165825 3
0.848370 3
0.165333 3
0.855172 3
0.167380 3
0.846116 3
1.010812 3
1.012864 1
0.000277 2
1.013934 3
1.021561 3
1.019338 3
1.021138 3
1.023649 3
1.023514 3
1.021788 3
1.008445 3
1.018524 3
1.021727 3
1.019695 3
1.019332 3
1.012321 3
1.018057 3
1.014792 3
1.016409 3
1.018875 3
1.015830 3
1.011460 3
1.010775 3
1.016830 3
1.014811 3
1.014472 3
1.015686 3
1.024152 3
1.015689 3
1.014702 3
1.011970 3
1.017512 3
1.018486 3
1.020741 3
1.019869 3
1.021601 3
1.029523 3
1.019957 1
0.001906 2
1.026424 3
1.018854 3
1.033993 3
1.032650 3
1.018933 3
1.026137 3
1.010002 3
1.020177 3
1.012042 3
1.034273 3
1.010922 3
1.014499 3
1.013818 3
1.012802 3
1.014785 3
1.028105 3
1.014030 3
1.017194 3
1.021058 3
1.018089 3
1.023874 3
1.039217 3
1.030269 3
1.017584 3
1.024475 3
1.010064 3
1.026468 3
1.028524 3
1.009795 3
1.019991 3
1.008158 1
0.000042 2
1.021203 3
1.012367 3
1.014907 3
1.014098 3
1.016882 3
1.012225 3
1.018671 3
1.013564 3
1.014672 3
1.019620 3
1.014913 3
1.013314 3
446.973650 2
0.004049 2
0.002069 67
1.047387 1
0.373326 1
0.734415 1
0.066236 1
2.146604 66
5.812616 1
0.351776 1
0.405260 1
0.114579 1
0.357524 17
