
Session terminated, killing shell... ...killed.
.145260 1
0.249696 1
1.033766 11
0.010775 36
5.445043 1
1.140903 1
0.112113 1
0.206099 1
0.187287 1
0.085214 1
1.871419 1
0.327753 1
0.223610 1
0.109442 1
0.093542 1
2.721685 1
1.064472 1
0.506154 1
0.063926 1
0.495035 1
0.107170 1
0.209925 1
0.114624 1
0.427295 1
1.342192 1
0.581927 1
1.268318 1
0.499185 1
0.117120 1
0.203895 1
0.307936 1
0.143367 1
0.204972 1
1.896675 1
0.484548 1
0.612834 1
0.149400 1
0.111072 1
0.173055 1
0.114869 1
1.599937 1
0.096686 1
0.389608 1
0.521150 1
0.387493 1
0.120149 1
0.272676 1
0.090357 1
1.323730 1
0.577283 11
71.157725 2
1.051688 1
0.119330 1
1.212358 3
0.120858 3
4.117911 1
1.815584 1
0.300659 1
0.169238 1
0.141565 1
0.489702 3
0.112213 3
0.122460 3
0.113325 3
0.135906 3
3.685705 1
0.099113 1
0.217832 1
0.076135 1
0.736388 3
0.149608 3
0.381932 3
0.424833 1
0.263227 1
0.082969 1
0.170708 2
14.978172 2
0.000078 111
18.603603 1
0.651704 1
1.864396 11
0.001782 70
0.000037 16
23.557963 2
0.314071 47
4.268716 1
0.250070 1
0.033045 1
0.033866 1
0.034689 1
0.032338 1
0.033162 1
0.032944 1
0.031907 1
0.032385 1
0.033605 1
0.033261 1
0.035042 1
0.035693 1
0.030934 1
0.030749 1
0.035380 1
0.032120 1
0.235600 1
0.159626 1
0.131292 1
0.125642 1
0.124520 1
0.715246 5
0.788734 5
0.681102 3
0.248208 3
0.033271 3
0.033539 3
0.033427 3
0.033061 3
0.032988 3
0.033160 3
0.034373 3
0.033766 3
0.033436 3
0.031691 3
0.034956 3
0.031496 3
0.034539 3
0.031765 3
0.034688 3
0.032098 3
0.034154 3
0.035992 3
0.032182 3
0.031533 3
0.033286 3
0.034830 1
0.569667 1
1.903533 1
0.747353 4
1.270138 1
1.665609 45
19.071895 1
0.388933 1
0.638862 1
0.152023 1
0.461036 209
19.105706 1
0.058131 1
0.287329 1
0.197998 1
0.232495 1
0.076238 1
1.153624 1
0.235081 1
1.009995 1
8.822263 1
0.091893 1
0.775382 1
0.024452 1
1.061042 4
0.136586 4
0.132780 4
0.348739 4
0.158324 1
0.106798 1
0.686647 1
0.334316 4
0.163727 4
0.857206 1
0.072364 1
0.985429 1
0.082386 1
7.632380 2
0.001843 9
0.008103 51
0.000247 24
21.485976 1
0.186192 1
0.185825 1
0.132942 1
2.228213 1
4.668597 1
1.791674 11
0.184745 27
0.012283 24
1.700176 6
1.414062 1
0.252441 1
0.440500 5
0.645732 2
0.000021 33
17.554757 1
0.359425 1
0.627673 1
0.097026 1
0.433306 11
0.017259 196
30.152519 1
0.121926 1
0.447649 1
0.646520 1
0.690511 1
0.644348 1
0.172081 1
0.169604 1
0.301430 1
0.143974 1
0.167138 1
0.362840 2
0.001838 9
0.016734 30
0.529316 3
1.018856 3
1.014617 3
1.011316 3
1.027622 3
1.017486 3
1.041481 3
1.019212 3
1.021638 3
1.028039 3
1.023615 3
1.011445 3
1.027619 3
1.018628 3
1.030008 3
1.006038 3
1.008364 3
0.020060 2
0.002798 69
8.920952 1
0.157922 1
0.190294 1
0.128885 1
1.370949 1
0.902973 1
0.127523 1
0.508997 11
0.001657 24
1.972666 1
0.362572 1
0.594163 1
0.062240 1
0.542853 11
0.002501 152
21.812222 1
0.263159 1
0.656215 1
0.062927 1
0.395069 2
0.002061 76
6.906327 1
0.185242 1
0.190310 1
0.134854 1
1.080390 1
0.560284 1
1.454896 1
0.467643 80
5.089527 1
0.291021 1
0.492155 1
0.072922 1
0.233159 78
1.974833 1
0.222241 1
0.414954 1
0.073921 1
0.252235 35
50.927031 1
1.617848 4
0.212154 1
0.141483 1
13.996359 1
0.078065 1
4.480095 1
0.079884 1
0.647001 1
0.106628 1
6.447921 1
0.285229 1
0.185684 1
0.122719 1
0.253756 1
2.412015 1
1.111974 1
0.745927 1
0.076485 1
2.584857 1
1.135110 1
0.612117 1
0.085569 1
0.249236 1
2.130015 1
1.224959 1
0.950952 4
0.155212 4
0.786129 1
0.446828 4
0.284954 1
1.323988 1
0.544919 1
0.080510 1
0.079114 1
2.951729 1
3.294808 1
0.415988 1
2.677901 1
1.080194 1
0.254733 1
1.237188 4
0.265866 1
0.242822 1
0.179890 1
0.461156 1
0.490977 1
0.140921 1
0.164065 1
0.901097 1
1.500078 1
0.257115 1
0.269974 1
0.368550 1
3.584513 1
0.228942 1
0.244032 1
0.260647 1
0.365055 1
0.067866 1
12.296322 1
0.566599 1
0.061661 1
0.181598 1
0.059832 1
0.828861 4
0.153409 4
0.130195 4
0.268919 4
0.382986 4
0.569222 1
0.987717 1
0.126323 1
0.302955 1
0.090200 1
0.604942 1
0.449609 1
0.136346 1
1.326336 1
0.149672 1
0.203251 1
0.273870 1
0.531057 1
6.089325 1
0.667816 1
0.619268 1
0.397064 1
0.048173 1
0.321761 1
0.139281 1
3.654295 1
0.076423 1
0.519487 1
0.836820 1
0.094729 1
0.392570 11
0.037034 354
0.009491 24
29.920084 1
0.385117 1
0.188020 1
0.017350 1
2.281332 1
0.432639 1
0.397515 1
1.478514 1
0.464849 1
0.080605 1
0.971999 1
0.221962 1
0.224402 1
0.177620 1
0.774701 1
0.520044 1
0.915812 1
0.823166 1
0.257753 1
0.772445 1
0.193390 1
0.273403 1
2.013598 1
0.651207 1
0.711485 1
0.079654 1
1.978939 1
0.550516 1
0.250492 1
0.209947 1
0.614951 1
0.910146 1
0.091006 1
1.215069 1
0.588999 1
0.838012 1
0.090044 1
0.154078 1
0.106859 1
7.542174 1
0.699171 1
0.166418 1
0.117545 1
0.232527 1
0.831076 1
1.512038 11
0.021821 45
0.269476 5
0.001040 54
0.022405 43
0.002011 2
0.003767 24
9.531400 45
2.393873 1
0.372565 7
0.142536 7
0.218003 7
0.363061 7
0.322890 3
0.311403 3
0.150057 3
0.198143 3
0.055938 3
0.167478 3
0.147235 3
0.262140 11
0.017406 5
0.000517 100
0.020542 5
0.006781 76
4.189941 48
0.826131 1
0.339044 3
0.371801 4
0.295426 4
0.227718 4
0.144647 4
0.114739 4
0.125071 4
0.126281 4
0.372634 4
0.526654 1
0.140063 1
0.116213 1
0.237794 1
0.290743 1
0.696201 11
0.024404 45
0.232371 59
0.054677 59
0.023194 24
14.926586 45
0.530097 1
0.248340 1
0.033957 1
23.661461 10
0.250458 17
0.033031 122
0.034074 56
0.033919 11
0.032673 15
0.032911 11
0.546519 1
0.560729 3
0.764614 4
0.251259 4
0.034300 4
0.032075 4
0.033694 4
0.035346 4
0.034574 4
0.031826 1
0.034427 1
0.032242 1
0.035191 1
0.034164 1
0.034304 1
0.033756 1
0.032272 1
0.531477 4
0.481690 11
17.364551 4
0.251035 4
0.032831 4
0.034386 4
0.033021 4
0.033180 4
0.033884 4
0.032876 1
0.034992 1
0.030739 1
0.035151 1
0.033207 1
0.034192 1
0.033582 1
0.032083 1
0.032367 1
0.034493 1
0.032990 1
0.033707 1
0.032752 1
0.033978 1
0.032211 1
51.107539 4
0.664637 7
0.330890 11
0.288364 19
0.316530 11
0.272451 9
0.358799 5
0.248836 15
0.033957 15
0.035771 14
0.035050 4
0.032708 7
0.032169 4
0.032821 77
0.035002 99
0.032061 13
0.032632 17
0.036191 52
0.031185 1
0.034217 1
0.033061 1
0.033029 1
0.032063 1
0.033398 1
0.033597 1
0.033834 1
0.033088 1
0.034862 1
0.032936 1
0.271395 45
16.587866 1
0.250335 1
0.032814 1
0.033385 1
0.034641 1
0.032494 1
0.033309 1
0.035255 1
1.024305 3
0.250099 3
0.034221 3
0.033782 3
0.033283 3
0.033560 3
0.031776 3
0.032560 3
0.033917 1
0.206027 1
0.193074 1
0.175593 1
107.552609 4
0.248490 4
0.031848 4
0.032814 4
0.035476 4
0.032415 4
0.033133 4
0.031957 4
0.034158 4
0.034839 4
0.031287 4
0.033919 4
0.035952 4
0.030884 4
0.034347 4
0.031730 4
0.034792 4
0.032552 4
0.032624 4
0.032871 4
0.033223 4
0.033950 4
0.033146 4
0.033929 4
0.032964 4
0.032252 4
0.034868 4
0.033535 4
0.034644 4
0.032055 4
0.034370 4
0.031471 4
0.034564 4
0.033490 4
0.032899 4
0.034443 4
0.033131 4
0.034186 4
0.030781 4
0.033034 4
0.032406 4
0.033657 4
0.033111 4
0.032768 4
0.032651 4
0.034832 1
0.034263 1
0.032838 1
0.033136 1
0.032884 1
0.033693 1
0.033337 1
48.148862 1
2.667343 1
0.243630 1
0.211048 1
0.141324 1
1.448650 1
0.211960 1
0.599544 1
4.585790 1
0.581665 1
0.068345 1
0.112759 1
0.258701 1
2.574978 4
0.249300 4
0.034898 4
0.034177 4
0.032622 4
0.032909 4
0.033066 4
0.033800 4
0.031926 4
0.034388 4
0.034182 4
0.032107 4
0.034280 4
0.033779 1
0.030611 1
0.035024 1
284.428699 1
0.359077 1
0.710120 1
0.179135 1
0.143384 1
1.547432 1
0.630827 1
0.493604 1
0.243204 1
0.308341 1
0.137693 1
0.105354 1
0.205974 1
0.879513 1
0.548609 11
0.013071 7
0.004307 799
0.000023 16
30.113731 14
0.820899 11
0.021861 798
0.006511 24
11.683154 14
0.405037 2
0.000012 9
0.022050 627
0.000019 24
1.404474 14
0.968384 1
0.415388 3
0.465956 4
0.206082 11
