0.024272 90
6.323395 1
0.078707 1
0.219076 1
0.500073 1
0.759333 1
0.498453 1
1.659629 1
0.509993 1
0.631906 1
0.114605 1
1.026185 1
0.564681 1
0.127612 1
0.143383 1
0.191776 1
0.409679 1
0.369990 1
0.147494 1
1.596606 1
0.312843 1
0.108511 1
0.216310 1
0.694945 1
0.053780 1
0.263956 1
0.290968 1
0.172611 1
0.192362 1
0.287251 1
0.156382 1
0.434275 1
0.418313 1
0.497648 1
0.564210 1
0.829141 1
0.350198 1
0.106911 1
0.543348 1
0.174698 1
0.455467 1
0.486914 1
0.121786 1
0.116676 1
6.713168 79
6.318298 3
0.500116 3
0.030376 3
0.030091 3
0.030218 3
0.030712 3
0.030516 3
0.030960 3
0.029582 3
0.029693 3
0.030354 3
0.030291 3
0.030568 3
0.029999 3
0.030467 3
0.031359 3
0.030355 3
0.030004 3
0.030270 3
0.030517 3
0.030264 3
0.029935 3
0.030515 3
0.031116 3
0.030373 3
0.030222 3
0.030423 3
0.030834 3
0.030954 3
0.030634 3
0.029630 3
0.030588 3
0.030381 3
0.030659 3
0.029858 3
0.030653 3
0.030475 3
0.030848 3
0.030925 3
0.030957 3
0.030138 3
0.030862 3
0.030022 3
0.029601 1
0.029834 1
0.028714 1
0.028815 1
0.029970 1
0.029956 1
0.032570 1
0.027576 1
6.331928 4
0.499934 4
0.030388 4
0.030355 4
0.030153 4
0.030474 4
0.030432 4
0.030552 4
0.029205 4
0.031191 4
0.031076 4
0.029994 4
0.030311 4
0.030304 4
0.029880 4
0.031437 4
0.030272 4
0.030747 4
0.030749 4
0.029997 4
0.029824 4
0.030964 4
0.031142 4
0.030013 4
0.030618 4
0.029573 4
0.030563 4
0.029410 4
0.030130 4
0.030001 4
0.030673 4
0.030072 4
0.030012 4
0.030047 4
0.030364 4
0.030607 4
0.030635 4
0.030624 4
0.030938 4
0.030942 4
0.030454 4
0.030728 4
0.030310 4
0.031158 1
0.030788 1
0.027514 1
0.029670 1
0.030082 1
0.032247 1
0.592315 1
0.191851 1
0.669758 1
0.062287 1
0.086565 1
1.460558 1
0.641605 1
0.116223 1
0.299854 1
1.249328 1
2.686430 4
0.228226 4
0.178033 4
0.194714 4
0.162914 4
0.179123 4
1.995622 1
0.723815 1
0.558938 1
0.108916 1
0.331010 1
0.799549 1
0.096834 1
0.771861 4
0.150579 4
0.301775 1
0.371486 11
0.003233 90
0.719862 1
0.093133 1
0.154236 1
0.326899 1
0.114051 1
0.286735 1
0.525737 1
0.254465 11
0.000409 100
2.063475 55
0.852087 156
0.000405 100
2.953081 1
0.120239 1
0.329515 1
0.823815 1
0.336279 1
0.210326 1
0.541938 7
1.048665 11
0.002042 27
0.000407 100
28.014753 1
0.099953 1
0.293483 1
0.542065 1
0.680218 1
0.941156 1
0.072780 1
0.160798 1
0.100265 1
0.391342 1
0.857586 1
0.168673 1
0.125440 1
0.273072 1
0.951433 1
0.314493 1
0.129936 1
0.104585 1
0.982813 11
0.003233 100
0.893027 1
0.119329 1
0.781670 1
0.191478 1
0.227655 1
0.152701 1
0.724234 1
0.163089 11
0.724610 11
0.001954 25
0.000534 100
23.711414 1
0.405186 1
0.578229 1
0.085008 1
0.113799 1
0.733703 1
0.836522 1
0.084890 1
0.531220 1
0.620357 1
0.499222 4
0.180208 1
0.735467 1
0.149419 1
0.497784 1
2.189718 1
0.533351 1
0.552211 1
0.208756 1
0.627645 1
0.468078 1
0.125582 1
0.087130 1
1.332234 1
0.512155 1
0.083577 1
0.971138 1
0.783679 1
0.236851 1
0.077970 1
0.128526 1
1.074047 11
0.003566 100
1.517987 1
0.018737 1
0.354880 1
0.546217 1
1.005135 1
0.223891 1
0.576715 12
1.771881 11
0.002032 43
0.000671 100
29.495322 18
1.769113 1
0.799786 1
0.640579 1
0.429940 1
0.429691 1
0.100256 1
0.104086 1
1.167840 1
1.155003 1
0.144331 1
0.647053 1
0.815445 11
0.002762 100
1.836013 29
0.298659 14
2.332471 4
0.161380 4
0.172614 4
0.314014 4
0.456075 1
0.137968 1
0.198379 1
0.367678 11
0.002070 18
0.000276 58
0.000600 100
6.463527 17
0.399743 1
0.340417 1
0.154711 1
0.130515 1
0.921105 13
0.149659 13
0.254397 13
0.262792 13
1.589753 11
0.002141 43
0.000568 100
14.421272 1
0.119049 1
0.404949 1
0.461330 1
0.401045 1
0.264037 1
0.615418 1
0.094538 1
0.107411 1
0.244214 1
0.411719 1
1.765402 1
0.235622 1
0.133992 1
0.110072 1
1.335740 11
0.008087 100
0.903333 1
0.070281 1
0.326502 1
1.391973 1
0.123541 1
0.354677 1
0.383484 8
1.074334 11
0.002049 45
0.000530 100
16.307475 1
0.076792 1
0.317911 1
0.345587 1
0.931222 1
0.500367 1
1.423316 1
0.103806 1
0.604533 1
1.010801 1
0.221156 1
0.455199 1
0.748391 1
0.480396 4
0.176923 4
0.126428 4
0.609903 4
0.393761 1
0.193071 1
0.174813 1
1.863742 1
0.178734 1
2.392783 1
0.124747 1
0.552967 1
0.189594 1
0.752753 1
0.773814 1
0.563164 4
0.167657 4
0.479464 1
0.304861 1
0.553600 1
0.798021 1
0.574884 1
0.052882 1
0.552978 1
0.729304 1
1.091084 4
0.261530 1
2.284070 1
0.199990 1
0.729040 1
0.576694 1
0.233123 1
0.943829 4
1.186810 1
1.316099 1
2.694291 1
1.765404 1
0.185292 1
0.959961 1
0.247980 1
1.023310 1
2.125140 11
0.003067 14
0.000464 100
15.692128 1
0.097474 1
0.302503 1
0.575885 1
0.544405 1
0.359674 1
1.641764 1
0.249232 1
0.256473 1
0.829686 1
0.063036 1
0.187634 1
0.776239 1
0.102996 1
0.459513 4
0.160011 4
0.095511 4
0.195001 4
0.161162 4
0.269186 4
0.590769 1
0.523779 1
0.219059 1
0.359924 1
0.801458 1
0.056293 1
0.231477 1
2.473052 1
0.506253 1
0.788408 1
0.824458 4
0.158269 1
0.336490 1
0.376362 1
1.290824 4
0.088382 1
1.768185 1
2.055996 1
1.127163 1
0.485275 1
0.454224 1
0.097440 1
0.796593 1
0.907843 1
0.064832 1
0.602158 1
4.157309 1
1.452012 1
0.161046 1
0.506512 1
0.842317 1
4.015475 11
0.003305 11
0.000489 100
23.026448 35
2.377939 1
1.478671 3
0.066239 3
5.504893 11
0.003052 9
0.000473 100
6.287539 37
0.402845 1
0.499973 1
0.030420 1
0.030111 1
0.338340 1
0.227179 1
0.172243 1
0.113451 1
0.168134 1
1.038244 5
4.197211 11
0.003194 7
0.000460 100
3.151028 38
1.546732 11
0.003142 7
0.000372 8
0.000018 92
9.138206 1
0.603635 1
0.729886 1
0.121911 1
1.111798 1
1.607853 1
0.447473 1
0.380690 1
0.293966 1
0.334288 1
0.318657 1
0.162717 1
0.099758 1
1.187250 1
1.355776 1
8.845003 11
0.003067 100
2.463915 1
0.094343 1
0.217405 1
0.318585 1
0.112227 1
0.570159 1
0.751478 1
0.292133 1
0.248540 7
1.753148 1
1.953420 1
0.218858 1
0.776458 1
0.325901 1
0.334648 1
0.229552 1
0.411388 1
0.261267 1
1.759845 1
0.212799 1
0.366760 1
0.294780 1
0.390933 1
0.259980 1
0.626477 1
0.154749 1
0.475990 1
0.208709 1
1.061493 1
2.547696 1
1.566516 1
0.802050 1
0.128201 1
0.104502 1
1.305561 11
0.003073 100
6.367414 1
0.055282 1
0.465775 11
0.002821 106
0.000562 100
5.862449 1
0.085737 1
0.441645 1
0.849255 1
2.396990 1
0.043659 1
0.280860 1
0.102715 1
1.703479 1
1.765939 1
0.069108 1
0.327696 1
0.353359 1
0.094908 1
0.195324 1
3.598532 1
1.087359 1
1.919995 1
0.617990 1
0.113018 1
0.097439 1
2.575092 1
0.783740 1
0.115182 1
0.482229 1
0.595778 6
1.929914 2
0.000020 9
0.008170 100
2.686944 1
0.040562 1
0.785332 1
0.433564 1
0.134175 1
0.257846 1
1.161594 6
1.640490 11
0.002858 94
0.000521 100
3.042782 1
0.079264 1
0.430064 1
0.264317 1
0.313252 1
0.316001 7
0.534338 11
0.000219 118
2.744617 1
0.054202 1
6.139962 1
0.255991 1
2.029391 1
0.337293 1
0.056792 1
0.122301 1
1.186782 1
0.518003 1
0.708287 1
0.224772 1
0.120308 1
0.557583 1
0.602040 1
0.356628 1
0.606075 1
0.908873 1
0.453890 1
1.002869 1
0.641260 1
1.302821 1
0.590073 1
0.877514 1
0.934341 1
0.140232 1
1.359893 1
2.188543 1
0.042517 1
1.276483 1
1.406892 1
1.779489 4
0.406723 1
0.050596 1
0.358734 1
0.874340 1
0.336919 1
0.079227 1
0.124551 1
0.812379 11
0.004175 118
2.076608 1
0.070143 1
0.719083 1
0.228844 1
0.125814 1
0.524177 11
0.000380 100
1.220905 1
0.161634 1
0.285149 1
1.762931 1
1.140180 1
0.128820 1
0.353455 9
1.330992 11
0.002215 89
0.000539 100
10.148950 96
1.621501 96
0.044146 96
0.051418 96
0.066304 96
0.058959 96
0.051616 96
0.051509 96
0.073768 96
0.073512 96
0.081222 96
0.502662 96
0.640108 96
24.382075 1
0.058630 1
1.381120 1
0.109615 1
0.291170 1
0.666277 1
0.624864 1
0.465350 1
0.145731 1
0.246127 1
0.181299 1
0.453115 1
0.771188 1
0.170373 1
0.291195 1
1.096102 1
0.532655 1
0.610080 1
0.162041 1
0.231636 1
0.205843 1
0.054150 1
0.520257 1
0.518942 1
0.717383 4
0.392710 1
0.452887 1
0.529945 1
0.096756 1
3.655127 1
0.248413 1
0.326636 1
1.172528 1
0.593067 1
0.376978 1
0.460222 1
0.133170 1
0.214944 1
0.203199 1
0.080580 1
0.677131 1
0.247316 1
0.059537 1
0.124348 1
1.697719 11
0.030690 18
0.000273 58
0.000551 100
3.088216 42
0.387613 1
0.500213 1
0.030342 1
0.030221 1
0.030567 1
0.029737 1
0.030203 1
0.031055 1
0.030568 1
0.030202 1
0.030256 1
0.030440 1
0.029716 1
0.030706 1
0.030887 1
0.030826 1
0.029643 1
0.029755 1
0.030450 1
0.029975 1
0.958029 5
0.303907 5
0.024637 5
0.118042 5
3.723240 11
0.003664 22
0.001839 100
1.706622 1
0.052312 1
0.311613 1
0.783582 1
0.673029 1
0.128632 1
0.152848 1
0.406929 1
0.388860 1
2.311918 1
0.145414 1
0.880052 1
0.228164 1
0.100259 1
1.380221 1
0.279559 1
0.126431 1
0.111882 1
0.328742 11
0.002646 100
22.973120 1
0.069785 1
0.506747 1
0.261232 1
0.128299 1
0.308789 11
0.000342 90
0.952820 5
0.357509 21
0.415733 99
1.337051 11
0.003640 22
0.002174 90
1.978956 46
0.604552 87
0.622239 21
0.818176 11
0.002585 90
24.560472 1
0.107978 1
0.454636 1
0.073905 1
0.595468 11
0.000030 6
